NaN
NaN
NaN
-0.11427218403735225
-0.11427285679217697
0.002152571539675294
-0.003309898899233972
0.006508300135956083
0.002004749715431459
0.0032450844528197154
0.009572920855635618
-0.01511621106938129
-0.0012301888475008834
0.011540704840823875
0.02316903634022667
0.007288061915095111
0.0020667486237737178
0.00889183919824413
0.02392813144315985
0.022481644225135457
0.034028474927086105
0.029054625346320063
0.025276082394248934
0.02588749872012471
0.024335350143294954
0.037939874821603346
0.01857089219375375
0.0036358028289623524
-0.002443189435328595
0.0063503355655537145
0.019713658754656225
0.014626421486421801
0.023311936628783097
0.017285078248624793
0.02580028989029774
0.01705053686119828
0.01195086062092257
-0.006283374073272946
-0.0050591255581348225
-0.00886322908661036
-0.019131488367873803
-0.009540318179150867
-0.008439678549609754
0.0018459341521374303
-5.865237091969744E-4
-8.90053451316463E-4
-8.447463384423782E-4
-0.011024943009736308
-0.010149924285228734
-0.007474638515840477
-0.006006329449098539
-0.005088616667709588
4.3415174983911465E-4
0.012610512355605402
0.004957398651185003
-0.010193118366467392
0.010841933949231412
0.02207519556763193
0.007753639352002248
0.01609523054205698
0.014285187866073478
0.020587216059755085
0.015178067971673004
0.036201369842192826
0.029776704273328253
0.033939797493753324
0.006714348870242864
0.0035109860822922154
0.014041164152541412
0.006625488128848344
0.011474124850203521
0.01042396944499792
0.00888050954129023
0.004289601430151961
0.002169307050127495
-0.0041849319060689675
-0.0020040451783407544
0.009181770232035933
0.007930561689930907
0.002504852522015407
0.001493435323939296
1.0945903806855971E-4
0.015241517545440285
0.02625703210765532
0.010320143407115201
-0.0021441144498749146
-0.008846113153203642
0.0140587556549948
0.013798449189031631
0.0021991741608216532
-0.005755092533081763
-0.015464731615732735
-0.011882414586090226
-0.020996766866648964
-0.013053675051833667
-0.013253708590446635
-0.016802339609689233
-0.019145920463346663
-0.003339883552394007
-0.003031904649756914
-0.00447488890570371
-8.151198722767673E-4
0.011398954343906042
0.0076506543647853024
-0.015093134330122788
-0.015909894278754503
-0.006573162388048122
-0.009249878519311399
-0.00782400332789404
-0.0038137790895313582
-0.015196287293402506
-0.009261006499766874
-0.006695749466978275
-0.012134235694910818
-0.009019127432879933
-0.013218006550515346
-0.009791675148554288
-0.0044488265568202005
-0.012503000617996123
-0.0027155675802974315
-0.008849472330179471
2.996671577209201E-4
-0.02509524580233015
-0.006699800191268037
0.004689495555932271
-0.0033240437356550872
-0.0122437880066485
-0.006679701176455407
-0.013564771112767937
0.005323858507652594
0.02479869539410056
0.03260753852253194
0.0265561874928347
0.030026042075129846
0.029435153871122458
8.619470681174267E-4
-0.01956582133345265
0.0069856624106605925
-0.001967674683556323
7.662026595048662E-4
-0.006107392747873811
0.002456528710405137
-0.009700645662446009
-0.006151483081488676
-0.00430607872751552
-0.00182536366647437
-0.006263922079294699
-0.004850049782908164
-0.008554847362015975
0.025044896830920538
0.01553362406834733
0.00912028853351484
0.030790285491658752
0.025330249066325538
0.034540835406492575
0.035585819853833536
0.02387672572940503
0.0070445291730186635
0.013628596726758613
0.010805663307028781
0.013098051994096556
0.005555064479943507
0.005615822201214114
0.002713298260499839
0.019769840081288934
0.02738021910167372
0.018039666069951672
0.0038257957564600703
-0.014725213110603538
-0.005635096955063571
-0.003628898772236476
0.004212786650543445
0.021004246082966985
0.0032760165607688455
0.004293960475242523
0.00937482065588548
0.004062765610072235
0.023564407940413597
0.02558774100162432
0.021686453949663266
0.010768317988091285
0.0019351826584528907
-0.002183878297909492
-0.004261954324706224
-0.0055432727204730164
0.0072246986206014
0.014851819803637369
0.015669376896663284
-0.0036692816664218096
-0.0034966953202654094
-0.013292422513943383
-0.008363580500316041
-0.01003359788078247
-0.008691436529475797
0.027885402532692727
0.018103210500551234
0.01631098994675013
-0.00221502005401395
-0.018953826647797427
-0.020143149402438026
-0.01991088261515591
-0.018119495753157168
-0.015030602874950925
-0.020748725208108287
-0.009544110244459754
-0.011439689129529506
-0.0170090601569831
-0.013571669163034223
-0.010545069622663883
-0.013355942985257267
-0.010956605638758063
-0.009042665269627907
-0.00666528997259447
-0.007260056823230811
-0.009513523541600618
-0.006458467218386169
1.9736253386940135E-4
0.003337986366907113
0.0011806679138647472
-0.005093783867117787
-0.006711428765633191
-0.007940598971469842
-0.01736870071071248
-0.0031332417319624045
-0.004077211014199927
0.008755220994795261
0.005752431486707463
-0.009716557114026334
-0.011013863604676183
-0.016392200026045096
-0.015776047968514454
-0.013628227596270588
-0.01157143913120551
-0.014620532852735492
-0.014511470741575619
-0.014875004325129358
1.3734926589288599E-4
0.008078907282453708
-0.0036076245194290447
0.002254448616070443
0.010666979367906311
-0.0017331765593445046
0.004010073779627389
0.00609722639971808
0.004631493907222282
-0.024252998715397826
0.0042366088554584265
-6.263018395279017E-4
0.011016724145062013
0.010845756617266866
0.009824045761895108
0.007971388337340058
5.4765631517995905E-5
0.007613341925365346
0.0020822965830098825
0.009906599054066085
0.01492377472127546
0.012142952215143138
0.007176680384251637
0.0302356125513727
0.014606698652564844
-0.01215754894912883
-4.3879741949410514E-4
0.009613926248713949
0.020109898770091755
0.007874367120489147
-0.009204424886631748
-0.004995238989839768
-0.015354562431753274
-0.01358887630983855
-0.01298458222818738
-0.010053724367274306
-0.004234261397232451
-0.005743814053141795
-0.013457800743464084
-0.013381516972089981
0.011612928092137188
0.020319204435735202
0.022372995180695906
0.01350706750270165
3.341903006048963E-4
0.008192922932673182
-0.00147403127673407
-0.006795073292157812
-0.019259878313522417
-0.006134989335419604
0.004974466728112645
-0.012706291612904996
-0.01463130630618702
-0.012993560096829143
-0.020475926743056785
-0.013911888434175852
-0.011897120790011645
-0.02209443332536409
-0.012491437471297342
-0.007350985614792636
-0.007282455096768789
-0.018831053470108515
-6.043430993091657E-4
-0.00838657651426348
-0.011130339813732426
-0.010961024078158492
-0.008933731922092014
0.00519883214798329
0.023216693098299775
0.02838313443240885
-0.032939999734806345
-8.678613405887136E-5
0.014372353167024447
0.006968072291002254
-0.00315307464881986
0.025251055470052002
0.021709056879368947
0.011949594508003276
0.03387577042308274
0.04322626927339437
0.034796350936537115
0.01577945135901608
0.03191343873760594
0.02879652954600595
0.0391071948578217
0.03408122121099379
0.03379783901401427
0.03110001622692414
0.016789730175260906
0.004432301841422175
0.006145534949471318
-0.007828626414166288
-0.00612868122310329
-0.004327916819862006
0.006122038519250128
0.01718303815409097
0.026882726114532924
0.016591967397477675
0.018100714906672744
0.026415813909214696
0.03153377270900161
0.02988094754304224
0.024246064736051464
0.016750052400391
0.03004621798506663
0.012592790159310188
0.017942401404939457
0.01882077126139745
0.03215652514859042
0.035064498992261404
0.0453820897377211
0.009187263662840778
0.00647584891420422
0.0017604924468975639
0.016414429840338175
0.016302235994857684
1.53735898412249E-4
-0.010424783378402358
-5.967213561760159E-4
-0.0020396703772421515
-0.012064044384412071
-0.03299543115577149
-0.007948512588869666
-0.01844245259816767
-0.02334034511679257
-0.0072643256929721695
-0.010547611536118828
-0.01301815736626213
-0.01354532101992273
-0.01387012157975994
-0.010855686990447987
-0.012742662788292586
-0.014496339986546876
-0.011804996672089951
-0.012607507883966342
-0.0113763366782674
-0.018656481152110008
-0.013720386883241804
-0.012614133340337522
-0.013699563455141825
-0.01309187679601553
-0.005941299136348157
-0.005570941347699775
-0.029375584921706038
0.009733587414643188
0.02783608092007488
-0.019843098667445987
0.008388361474377588
0.004058372900242811
-0.003445676640684068
-0.0032942042084179173
-0.007151788333865983
-0.00850748366326864
0.008698192110371525
0.01744530594786605
-0.01475976778047873
-0.013052146953398836
3.93908786573474E-4
-1.1198277014760546E-4
-0.0135436877248165
-0.01894449849382591
-0.013379419226283738
-0.015937681881334848
-0.015589377672363066
-0.005422239165324576
-0.007713094808389389
0.0042779598403344206
0.006248948519981777
0.0037651578656088688
-0.0049340695540659885
0.002598570014559827
-0.0074748830939504445
-0.014799745410469772
8.987052911503019E-4
0.005616054442139305
0.023325668044964734
0.03634228076149593
0.030515910305506436
0.004818321694656086
0.0014336654540872
-0.003603048373448403
0.013554612218972887
0.007801504312529356
0.011647203899390333
0.012858413895051886
0.010983204958142506
0.022432959330369928
0.02306645213729021
0.042541469449894544
0.03605150639293427
0.01597104410099443
0.013014229829026887
0.030287752795574364
0.01825737371321591
-0.004586258148758748
0.023997099946708414
0.022833611291045136
-0.01714498657812446
0.005592922711208425
0.006705659170746097
0.0065486715537258
-0.008674264609332393
-0.001772225004802406
-0.006591248580576199
0.00544781120872031
0.013669249382461567
-0.0014443291727109782
-0.0042367235543688125
-0.008410244984744783
-0.017662984132178046
-0.009737225885492655
-0.007656105872888818
-0.014015105271213545
-0.0063151197116337945
-0.008395551501331531
6.384954422135845E-5
-0.0013124462991467227
0.009350271877557834
0.02937366751126182
0.008617304029434539
-0.0063152326404202035
-0.019658279981388742
-0.013662093331783157
-0.004558241507274496
-0.017130033746016664
-0.0034455316888168017
0.0056032985907742555
-0.030049386585497617
-0.009575636800438417
-0.017514195351882846
-0.016016711358697904
-0.008789016263484021
-0.006173316163167089
-0.013474863924204921
-0.019568733298663182
-0.02049685430313368
-0.02340919681739014
-0.016320994558990866
-0.01151769820350358
-0.016285583826851215
-0.018406912404281717
-0.01887778917888164
-0.01646239788548132
-0.01291915843874155
0.002092050166133913
0.040114067892598616
0.035504247606924645
-0.007563428094891132
-0.019138170172795343
-0.010884251401196024
-0.010385911562169448
-0.007555483075635987
-0.015986266744687137
-0.009485985701742486
-0.028497917147012112
-0.013171791573388408
-0.021379358541363015
-0.025056767527769735
-0.021439222914949995
-0.01966436614503053
-0.018826867236239553
-0.019883097854005015
-0.014233508802401117
-0.01413071759173365
-0.021967670699935302
-0.011969448889204906
-0.019007064300021415
-0.033437198334215254
-0.08041433146355757
-0.014234647650721598
-0.01754834356740861
-0.023147150897833663
-0.012647600380445236
-0.029297674565269233
-0.02545740734311098
-0.04301062357468056
0.010237971703070708
0.03380821648605154
0.03180201425461703
0.015255600400625614
0.005775438275442731
0.011072764154838379
0.0024831047686090417
-0.03195966443163082
-0.02577844469180944
-0.017723310016298045
-0.008357651356481234
-0.018941057232759892
-0.01613070180407207
-0.015098707743227382
-0.009953868649369247
-0.017633360791577755
-0.01122825725699533
-0.0239437538378025
-0.01184637453247786
-0.020233977467602533
-0.019409519137472738
-0.0018115192272212051
0.0254631713913586
0.029132114918983508
-8.668024605527464E-4
-0.01404422118325718
-0.012756119070174484
-0.017286326192568282
-0.021529193774140105
-0.017117292299993765
-0.020329507059813064
-0.014490173296189908
-0.023113309091585453
-0.06302477705309101
-0.01167769980725352
-0.009520603582104855
-0.018304042233058062
-0.0031840294049240987
-0.010780342364399356
-0.015418536018511727
-0.008580614811370162
0.0019955819765647385
0.004887690307161402
0.034702937361088794
0.03660305320013464
0.03195081847999234
0.03459637890031275
0.03380966355872941
0.0037670728408340883
0.0014472808345152369
4.398187221000757E-5
4.413884035263252E-4
0.007578183414108238
0.004349303435958538
-0.004917139365029431
-0.026227818729460728
-0.013354586526525086
-0.009233520126399858
-0.02433233230655103
-0.016997725978593194
-0.014681933368606962
-0.004516864139341542
0.04169950577358179
0.05542942094566372
0.03994842413240778
0.04988521383016469
0.04429256143940151
0.03573321938660307
0.02297090015164926
3.896085830075967E-4
-0.0024819050123299096
-1.072604271056387E-4
-0.006018790082700462
-0.010688090316055093
-0.008652335229919752
-0.009056320770262019
-0.0030211550404128803
0.015413995151889086
-0.015879421901251335
0.011537243072720874
0.01676264870564495
-0.008663622149807359
-0.02627171322891777
-0.01335915432988678
-0.0032952295312274264
-0.011195883769901074
-0.013765367170718888
-0.022186879380139437
-0.00581173267710095
-0.013207799110996166
-0.01141815213847443
-0.013184970689407698
-0.0021338572298839078
0.008664279461613602
0.01751082264238994
0.0014031831803074748
0.010864866630832807
-0.010323097105471907
-0.01437256815418566
-0.004637497126174582
-0.0036265258304556164
-7.19138247031494E-4
-0.012577782374899687
0.005056910297592029
0.03877454083414186
0.035771016081372835
0.03484586198556522
0.049903722506574655
0.053260553354176274
0.001356156035718658
-0.008304675196604753
-0.005599492703689009
-0.008680847459900935
-0.0037873170494235847
-0.008977915681778434
-0.013248252558444064
-0.012986291732724881
-0.008988321258360585
-0.00863498936950186
-0.005296598311448662
-0.019716546537304352
-0.02635076395116929
-0.014317914186581463
-0.014473943103768469
-0.014236943566093889
-0.008126068856241456
-0.012456527730520032
-0.015171820271343162
NaN
NaN
-0.027225443568238198
-0.01606391917673466
-0.013606885261230644
-0.010983792172969036
-0.008109422579856165
-0.005087403168824948
0.032656401786797865
-0.013651251955675538
-0.015381702519580698
-0.01841923049939845
-0.009561400236635664
-0.013290145179195682
-0.002127359186462083
-0.006807132504451046
-0.014085105635250918
-0.014726575149906364
-0.006786021037668087
0.0010850911376357334
0.0021266941801902934
-0.014831455129757198
-0.018259105976075607
-0.01977763279150342
-0.020481420178024533
-0.011621689318664757
-0.021362543996129482
-0.02325014116067759
-0.0075861934408696305
-0.0032036479690600293
-0.0013397293354419425
-0.005651502318288737
0.026370254711464047
0.040639923831686464
0.04092722809559548
-0.006092956564027592
-0.010676450168048116
-0.019356375323661724
-0.010197323225281161
-0.0067722148109895745
-0.009007480852439721
-0.011680901871521904
-0.01639538578543434
-0.016422017716588758
-0.010789819179524554
-0.022431093739907988
-0.016193908928742
-0.011068118113255239
-0.029636005686980767
-0.009984282310079496
-0.01555302291673508
-0.013836802458577217
-0.013461728654879337
-0.009498251060296028
0.02962322103633976
0.031868254322194964
0.03388795119610319
0.015386978591086117
0.001434677618355541
-0.01830912698823035
-0.014134825351092707
-0.014788918497208585
-0.02290316083115842
-0.01894219302719828
-0.021060163794805468
-0.014664790927416228
-0.008424334900402971
-0.012469593408770303
-0.007431311031800102
-0.0019454204386800344
1.8366310857111014E-5
0.0037763736615885213
0.0012903382561987738
-0.013345826329268277
-0.017188892738621425
-0.00690657796475636
-0.00946169199878403
-0.021572654800295993
-0.0205527447811933
-0.023611566156392098
-0.02030140407654786
-0.019969454298212678
-0.014507738067688843
0.029492548930237557
0.002427996982141042
-0.007534012442141228
-0.013582541157431734
-0.014938811930663851
-0.019617337065205465
-0.0089526206515659
-0.015177892621881416
0.020672388178066322
0.05315058592704838
0.036838784081214264
0.026903757571667995
0.0489832781333582
0.032263486940476545
0.015912500180337175
0.001237967039686655
-0.0034167011412491624
-0.019053506985851804
-0.00434690973018002
-6.978653916743164E-4
-0.010586022380963128
-0.014188472318938918
-0.01935714216311894
-0.01203353403981295
-0.01433672728647933
-0.012785311777518144
-0.018570805109984753
0.010897148842686192
0.02216003872776697
0.012366961209911266
6.055519058705589E-4
-0.010415774818891553
-0.010611053034476186
-0.016227279504398923
-0.008842068663688956
-0.00878677528408846
-0.008614074238171935
-0.005172346760438528
-0.0062317626488566855
-0.0025851685623542336
0.0035504581147193823
0.0030171331994151424
-0.008000928120763666
-0.02537147033048588
-0.06313006549027844
-0.01879540690611813
-0.008480230846104771
-0.021098348997501876
0.028597256858116173
-1.2344208964920915E-4
-0.01394141184167575
-0.007670127852658333
-0.003265307585243535
-0.0061434010618132955
-0.005083027690271809
-0.013673246890452673
0.0018467157271587248
0.0013136314492389382
0.008412527321824745
0.012680923188564702
0.011615814395418709
0.0012414218786926511
0.01770591468425985
-0.006616070902901557
-0.009146756165618039
-6.86310462558046E-4
0.03200272013471307
0.03539292307285496
-0.00765361522581549
0.040447816699600445
0.011607995078431497
-0.0037732183271416927
-0.0015989273772748299
0.03543894479500134
-3.193967492931267E-4
-0.0037814688150782307
-0.006872083870200187
-0.005496629907340856
-0.024165114583094633
-6.648332575979548E-4
-0.0011026368043758473
0.018173115980037534
0.013039711685471822
0.016274659463891762
0.0173976915220579
0.041772586110134416
0.048575701597147386
0.04297224164861774
0.053002189908811066
0.05246060572395519
0.03574718570291402
0.021313145135560513
0.018374044761859394
0.0164372332431753
0.03501517984506275
0.042902039636296595
0.0030099394070702687
-0.010425560815814016
-0.013279609829645628
-0.013795317777680442
-0.019650295498059973
-0.009249538949218197
-0.005774467918834172
-0.005541985210480351
0.011079832541049457
0.01578949027518352
0.04005595390890936
0.04111054395199211
0.0070103691046972845
0.004308038572071812
0.03235335338174908
0.037802571649444096
0.011569141669668976
-0.00832892841068785
0.0012137873527272606
-0.005585655172861128
0.049918306288398405
0.04568307473127461
0.02791371388032983
0.06042582439601793
0.02019174670883807
0.013943560591875766
0.016751821005783832
0.03304680593493551
-0.0026505828770992915
-0.007019867894766602
-0.0546993708668412
0.03544512174712797
0.051628323679679344
0.03773733701783276
0.020128506621390905
0.026854765839018597
0.017646060062964656
0.01861893867380311
0.0024835110483460805
0.0011359360924042424
0.009027989373305376
-0.004028339296351482
0.008837389749216025
0.011062375285495175
4.235771005317722E-4
0.001968363786469626
0.009658172085836235
0.009834692655486532
0.041604104173858236
0.04309415803970831
0.03435948246021243
0.027730626458508864
0.027914636683519314
0.016094114332106564
0.009997714170060094
1.7737087885880435E-4
0.004270500706738312
-0.005187213058610678
-0.0018586508849825173
-3.4311879516745044E-4
-0.01025034187507512
-0.014581212033676554
-0.005497070913497722
-0.01379105843039011
-0.006616051676194857
-0.014742331551965204
-0.01614149055800273
-0.024228047944634
-0.013770992961054579
-0.005750797436889292
-0.018895656024717572
-0.009551713713601192
-0.027236071032199344
0.005430902524675794
0.0039410609418444
0.016433496786485664
0.039122345885746805
0.03921524427626768
0.028520868890849125
0.04040041188557134
0.01926488107280416
-0.0014600986339150155
0.00444292733879988
-0.008247389713768859
0.0036780950445855923
-0.018259241211904417
-0.005506703690443114
0.03808436428139824
-0.0117051084565489
0.03258199917536837
0.005488546099626344
-0.008533818575200188
-0.01276936836127265
-0.007353156910502746
-0.0011261182287507676
5.222144224784975E-5
-0.017327236347651848
-0.01993666834360037
-0.02353974229852354
-0.020965818224538885
-0.011169065133412861
-0.009440721430494382
-0.016304607224790008
-0.01908433338562016
-0.027936398363744088
-0.013162523491310588
-0.028269417017533386
-0.05400761286485413
-0.028435305350266584
-0.024719731662587934
-0.017369942039113854
-0.0258846625547934
-0.018375401772682414
-0.005841571347985752
0.01736174485082603
0.03210148836173325
0.04234270863018717
0.02951863672343555
0.002319731559293974
0.02633697201596502
0.030764253356038454
0.04128718360147672
0.03769899061819975
0.03847944697713311
0.04005375509789012
0.041498667883314994
0.027480243251563473
0.0020452257325125796
0.04252720996420383
0.024543457324647123
0.015856373711044102
0.012664336371397031
-0.017417195650755193
-0.015688948096565007
-0.018310986609156952
-0.0010915493916677558
-0.015546539631024814
-0.018406565376706402
-0.020130047862136735
-0.012603541207891398
-0.01243251958126907
-0.002056178164688662
0.03646318195763433
0.024886279780540685
0.014510331484651638
-0.005367889643725412
0.011846531303707697
0.027523160865516375
0.02623744233748733
0.01954350977771454
0.020135128543990917
0.03425262465029389
0.02998923996940781
0.018227861333924934
-0.010636415562006523
-0.006922068769496149
-0.007640823498101405
-0.004323986909118234
0.014045217949909575
-0.01789823186654423
-0.007868768948079766
-0.02216381365146716
-0.0021613602963519558
0.005763108098137914
0.01664146524529248
0.031327183062869274
0.029746768190509545
0.018224557671067298
0.005988482135912809
0.02383811490700907
0.00849846553290493
-0.015505336587963492
-0.021667301250169954
-0.03186196745500388
-0.03189009597712983
-0.01803165386153259
-0.012555786533383493
0.0026997925088060324
-0.026277602855759828
-0.02612394720179541
-0.019191028094812178
-0.028653085392487853
-0.0324349591410679
-0.01989554086430467
-0.02517550661531028
-0.025146896243670037
-0.04757859342983833
-0.02147813350793175
-0.021498602839919802
-0.015289910073023983
-0.01567710642281026
-0.026047255990999187
-0.03131049598898387
-0.026609228390600245
-0.021624537297965034
-0.02315096372627083
-0.020786204065206884
-0.024485703315223296
-0.02651343240439922
-0.015279349322276665
-0.023989305148905724
-0.016528096118859352
-0.0065860595423780765
-0.00945017464485933
-0.017343087671352706
-0.024990814206804726
-0.01499417473201485
-0.019560896992901516
-0.021903127571351665
-0.02440219066859874
-0.029377492040807928
-0.028577278768389672
-0.022368340037089537
-0.008937914754891136
-0.0101451323409612
-0.014333918252580888
0.003351839184683192
0.004901690226801163
-0.005242126777707032
-0.01440644772411728
-0.01747788070706481
-0.025591178285708335
-0.009493958022388428
-0.0062020657446387965
-0.020428576026386744
-0.011912346521296321
-0.005078495557407822
-0.029783811530378023
-0.01760647406970874
-0.02303773294011644
-0.027726448924386624
-0.03572728562211654
-0.020067009147316853
-0.01824639685443053
-0.021843977659953974
-0.028243389678743024
-0.023761213992994017
-0.026359831615403714
-0.017035276768846187
-0.00936072990944353
-0.021411770717710634
-0.029449048319337496
-0.0185839261092935
0.012992196477768005
0.010853321064063151
-0.0017537935051527005
0.012424839543332405
-0.014221366316705144
0.014347379474498236
0.04497459288578104
-0.024199916122965286
-0.0012517947195317017
-0.015892631855205622
-0.009513379329964228
-0.003551866652554182
-7.063297447663379E-4
-0.0018821585928121029
0.016598930020511757
0.008376109160031855
0.0035178357635755556
-0.01622953937718464
-0.01219621211232257
-0.006762549779962766
-0.01803599895342096
0.005781965188801691
0.003452398760161628
-0.013139061673478714
0.037334593449174724
0.02773408238362539
0.01371484495334691
1.5001066635812917E-4
-0.008252584306711157
-0.013238950753021832
-0.010142751123096377
-0.02211626527060334
-0.00920777200910489
-0.010713324513494932
-0.008832619070796103
-0.017399857356784808
-0.005974851653882479
-0.009718006815184314
-0.006150363654859199
-0.008087645570720805
-0.014140275785087232
-0.0040170518928393534
0.0016330952478308572
0.02715089103358379
0.03488997795155844
0.04615118657799602
0.009409338877486441
0.02296658819899861
0.029745052449024277
0.027723464835271924
0.008118788855390358
0.0027511096434575904
5.457770203282607E-5
0.013826666525788784
0.02680171423107184
0.019326266876447857
-0.005681381567190731
0.03316399281525841
0.04284779881993708
0.022379297229340546
0.013160268372532619
-3.1572296343867915E-4
0.007295386049131067
0.0020303666447891388
0.00456792356224888
0.00919636336304934
0.015481802210242288
-0.004837842585211218
-0.003664266592306784
-0.00867000021685182
-0.011486184343269043
8.111167825145421E-4
0.01105040115720727
-0.010718333156271955
-0.01597610994370268
-0.0038218957865346205
-0.01086958177026528
-0.00708232814358596
-0.008945828994552108
-0.007160712653869833
8.536803878616984E-4
-0.011023178381716738
-0.009389253685357108
-0.011726882565091027
-0.014801057466076774
-0.021782935608249013
-0.005323482559262254
-0.02103785578743402
-4.045208057407621E-4
0.009295038119573135
0.017115082060894942
0.007637126504949765
0.005226737609080131
0.009875864828959935
0.0037914979896696414
-9.947973661546725E-4
-0.016381255440704085
0.012422054338764591
8.40878860759146E-4
0.025383294357735158
0.03961249803949131
0.03822234357563473
0.028733753068811905
-0.008235043753683325
-0.004859909015249783
0.010460307171978846
0.05063886583866286
0.027974183539472022
0.0201018424772627
0.006178121337346134
0.00885146476395029
-0.011573647449150503
-2.579619240196916E-4
-0.009679286910608594
0.005513399735732221
0.04217131485819231
0.03478381003368787
0.0185768158562951
0.011229670936208134
0.03356040003367076
0.028789060537991296
-0.012001957299003238
-0.01290707531412965
-0.021005545327814974
-0.007982088532705416
-0.013794800440866322
-0.014391786822368247
-0.018058734489843607
-0.014256729000681003
-0.01001446472826662
-0.01417401458753528
-0.01064611854727695
-0.006577784730147324
-0.010251753040516105
-0.012260791203467892
-0.007232500869940057
0.0219007206958158
0.033806825292478575
0.0059992457289588675
-0.010530903188250383
-0.010864303450788062
-5.236955805159103E-4
-0.0074409012939651974
-0.003934401415308894
-0.0016104240529679864
0.005963360919586387
0.006477520690691945
3.684709137078521E-4
0.014596525188809977
0.04817406380796236
0.04045483311856023
0.05860910972205907
0.03843777610755492
0.0042870547711316934
-0.010652747105533593
0.008109538972961785
0.014787282956017344
0.025046527215914393
0.004535904358911331
-0.009581732837018702
-0.013463615680638384
-0.006712585385865444
-0.007305412472322489
-0.023541949121808015
0.03548147605959633
0.009770897079655698
-0.010156793253224512
-0.008054509233988592
-0.011990521265401054
-0.014226565345147532
-0.012950007867627258
-0.010347934533962964
-0.011459458695050403
-0.016765891869201473
-0.006218542302266908
-0.013910558040422773
0.018435653610348646
0.045033049733981326
0.0407261829148549
0.001918245398398938
-0.007614123557736994
0.0015884963690591582
-8.93438566297831E-4
-0.00315167947287245
0.016549611672258224
0.011216099221363187
0.020458102408163654
0.04449603814981323
0.0516596312949126
0.05095912945386653
0.04485523120404032
0.019971823185022042
0.006011970751089462
-0.007221860957049539
-0.00964629424088801
-0.004028950384943204
-0.01312926004112543
-0.01192433531871118
-0.004962544083208377
-0.016298014536952593
-0.01314690578214673
-0.017894736720572877
-0.013991792974731528
-0.008903617492749333
-0.008268006570760706
-0.010098219648899641
-0.006359759422459541
-0.0029631555342346304
0.0034492583130867056
-0.00958871250573516
0.018773929872991306
0.06183906467518224
0.0552477150155948
0.061041575842590894
0.0516223201923129
0.024073875398963322
0.025384835841641785
0.03476851212446306
0.05842391058359337
0.038452979959032865
0.034370457627532
0.017739653932907825
0.04044591463906385
-0.0052376413993055395
-0.020359399117115654
-0.013828287052340033
0.0020254210238202057
-0.004023244163742893
0.0057143985318084236
-0.020571597542847188
-0.018036117812780222
-0.02392626468673265
-0.013139106969586818
-0.017114742051017946
-0.0050609634665035735
-0.02042892986281411
-0.005483519391794853
-0.012818401871737817
0.046467419187353025
0.04118526184311656
0.019502343022902338
0.03183829617612216
-0.009656710224071134
-0.004533598737345615
-0.0103627001532768
-0.010199176089825837
-0.016625230042241156
-0.01530527593395391
-0.011944913216876938
-0.014953235898803638
-0.016459456346980168
-0.012630083128404943
-0.017047353483844986
-0.023235990766610155
-0.020645747748293482
-0.018113905584212015
-0.006712710043504858
-0.012335934154532272
-0.008121490417678026
-0.010982874714373123
0.0010423566551016838
-0.007554263631496529
-0.011368052499411804
-0.01359280715562167
-0.013715476769731578
-0.016295023640293546
-0.00800261924974569
-0.006584882028137793
-0.012063106095070185
-0.01265601204341316
-0.012648899059057198
-0.014639771765211657
5.676059869905198E-4
-0.007482451527801616
-0.0149729929705294
0.003554928009065302
0.013525194248923952
-0.004553356693030034
0.025358576068187963
0.0218996953431426
0.013705095711900045
0.02191321958631509
0.004392911457306473
-0.001979023082263259
-0.0015203088390359928
0.001905924502261675
0.028985385890828396
0.033488105084667555
0.029071906872889512
-0.008261341729326922
-0.019666657820668412
-0.020182458567290534
-0.02442765123140504
-0.02312098286715494
-0.03152754358036368
-0.022046781308087408
-0.020832902453444366
-0.017423794549187813
-0.024106091402317207
-0.030012610917816474
-0.022731845870697893
-0.02677726139935157
-0.02292881347507273
-0.022229319175031573
-0.02278871792865914
-0.024011247206522767
-0.027883047273208495
-0.01592568418676998
-0.01922039539457597
-0.025499520270465387
-0.01795652842480106
-0.021406676183529757
-0.02444558803968369
-0.02858325719835567
-0.020529087030581684
-0.02585566355012915
-0.024947500094589264
-0.03170634264384307
NaN
-0.03738040604915945
-0.022269613389998714
-0.013548272056098265
-0.017632082935832603
-6.031568303687556E-4
-0.008860621591719575
-0.006406885383536674
-0.009096078851558187
-0.020516719724858593
0.016302945982298814
0.021396343603243682
0.023117287549590436
-0.0071072774037742505
-0.005566533079154057
0.029640117524376286
0.04022033286490865
0.0166098525377445
0.02753452738183882
0.05293518379790784
0.045833872998187045
0.0520288382326333
0.06033604579769693
0.06567897792802005
0.04340202028402536
0.04505515883546182
0.04296187395241818
0.014978111778862366
-0.006327195930438095
-0.01076706870405846
-0.01106307518397531
-0.010628177970367884
-0.01816035049432677
-0.004577625327969164
-0.0020470349198539587
-0.009823391682645632
-0.009766038756586798
-0.007889232190140273
-0.007325060753260211
-0.0023963916763846903
-0.013790035618220335
0.009314049875818903
0.008040565347892612
-0.017245340411977172
-0.007926590251517663
-0.017788770508173752
-0.02192070074088031
-0.01975228468966977
-0.014485318173500891
-0.012245480499780522
-0.032778463576242194
-0.019308605282021496
-0.008781055460531543
-0.01532463232603502
-0.021455128900822223
-0.011418789785567955
-0.017485573269337078
-0.011542132879150003
-0.026010042524413603
-0.004240500549078723
0.008853893939191134
-2.2768867445812887E-4
-0.001054327345177563
-0.00703495191083652
-0.00502856915844411
-0.006455414786835133
-0.02860157207662181
-0.01255228479801421
-0.0038029717465935526
-0.020250079844731386
-0.0038789690899602865
-0.007773668609080516
0.0015787068298285308
0.02507351222445104
0.02223482318759805
0.002586263109299452
-0.012540711188164855
-0.018807679959630307
-0.017491877931971975
-0.015816272843283213
0.005899461047056031
-2.935829163891006E-4
0.01786416414001433
-0.0042256739365725965
0.0031337201357184196
-0.014545061587737794
1.1399718373251337E-4
-0.01006905968157468
-0.01201060605356691
3.755478443259897E-4
0.0015004754522150894
-0.02355821615494114
-1.9740693046665968E-4
0.005869788664058053
0.018754622408493793
0.03382301876597578
0.04687284647421249
0.037190860308584255
0.04851632565223123
0.017237562318967486
-0.011281989197663747
-0.008426847713817203
-0.02153305084242729
-0.014160721848558155
-0.016915738184653393
-0.012975555586975013
-0.013211974724925357
-0.019423800147510963
-0.014656154539234717
-0.0234971453151373
-0.02834289002268137
-0.02060205522323236
-0.01718390521318605
-0.01156554138450173
-0.006084763425017032
-0.010634405333384597
-0.008054569032562594
0.008466208391429067
0.024918196335665745
0.024375541355297955
0.004288028012801245
-0.0047676605126707235
-0.016986064111367192
-0.0017264134729527794
-0.006856206815688248
-0.008223688310667197
0.021704018023424816
0.021357151375543018
0.019145629798770603
0.003276939243594256
0.022166805539507884
0.030735274572305786
0.02863025877289086
0.02584163379014141
0.035385197902704335
0.016370917268124546
-0.014012665172473363
-0.01076771654251587
-0.0025741316994239926
-0.004979355505928569
-0.00374484067954923
-0.0029064031011941005
0.009448863381100844
0.00894260234062849
-2.627470316696615E-4
-0.008716288537305836
-0.016981866989895414
-0.0164385041465479
-0.014466642332078901
0.009030863241450008
0.011012237677480411
-0.008439190009039064
-0.018221911181347483
-0.014981736525188995
-0.023693119423923152
-0.01618354639655044
-0.019117262809981037
-0.016748518960755437
-0.016490740470583902
-0.024245331900612403
-0.014984956915808752
-0.020243465598254854
-0.027612050695276037
-0.023442477142312568
-0.017502554133715056
-0.01799226090734192
-0.010223152114438404
-0.009620413645463202
-0.012192008688333549
0.019068937756612035
0.03056855652794202
0.03301122875169752
0.024340215841221275
0.015473001507971406
0.034958110555615575
0.04844530997845918
0.04262161726794833
0.042010207431201305
0.021521535839083304
0.019362954116566477
0.0028611754112158492
0.014702811599632298
-2.568102077271893E-4
-0.01266196312569642
-0.013608103573031837
-0.01058005131013544
-0.01068733239059912
-0.010528993442541507
-0.009052708447051128
2.821828999121784E-4
-0.010093920198833083
-0.011354715467124903
-0.020728590781135304
-0.022010679347886284
-0.014070765182323353
-0.012666003502382794
-0.015972419179904274
-0.015362914922155635
-0.015257503599576033
-0.014942411677912302
0.022698495212356673
0.03827454206826712
0.039127242508435106
-0.01244872060693196
-0.009348606068127116
-0.01355078302558001
-0.013031529223596381
-0.0169618336996749
-0.013982681403781696
-0.008556249848824197
-0.02444569024610483
-0.009522405560153832
-0.014931670924597129
0.0013581538172334011
0.010314958421542734
0.04123301270244554
0.052951896421244864
0.050714362948304094
0.052183273958005885
0.031033668475262347
0.03243299855135518
0.024673767566595624
0.024712538377311757
0.042197728959931506
0.03064704274669865
0.03369673703016002
0.03736095977013076
0.04559959602733678
0.0544354354967476
0.04870877455807546
0.053282673849268575
0.056427348002810136
0.04764022417564256
0.02979740498418791
0.014743825479267012
0.0014619219806311
3.8039526331316593E-4
-0.013293821942172004
0.006927147919888877
0.014070747065282791
0.010610260272256316
0.006580306989669611
0.02489397131550921
-0.0037507504861020763
0.0020714862300864646
-0.012009069455652192
-0.01020143897642907
-0.009624452537910744
-0.0029596030255292587
-0.012729023211047814
-0.011350947659724725
-0.00568944736824374
-0.007775919624132207
-0.0027055995018254882
0.010563554443068031
0.00577569244867693
0.0270928555578398
0.03295211667880056
0.018825576344629422
0.010234490863315108
0.023344275262124358
0.016335982427497824
-0.0073111513769299735
-0.013006766874540516
-0.009339695071389402
-0.009264529989290764
0.0016103357891940847
0.00766208635329145
0.0013749795916110081
-0.007536831067599623
-0.012598814186915445
-0.011951141657151866
-0.013347546132419619
-0.01663970234783872
-0.017766230623199455
-0.006921906336214234
0.010209798720411528
0.04266411238164008
0.026417074526457925
0.007591822187252035
0.034957261494096815
0.019265608458499277
0.021292089074937202
0.012047203847678227
0.024949949051487
0.01885289250162067
0.022946867725541765
0.0033000402590184713
-0.004532931488881387
0.015374526217845434
0.012589854877935095
0.024098501261664688
0.003094336061314641
0.002414194906871056
-0.006789119254642326
0.005738571065823728
0.014032132261489397
0.036627738635195854
0.04879079527961193
0.03635598112409426
0.010564993800592969
0.016610162553975818
0.004094421944413751
0.03056690406808088
0.03909733188694301
0.009730032466031501
0.015371882309053267
-0.001116205200303266
-0.004192979701637119
-0.003463241926007074
-0.0055946936517311495
-0.004416362660094883
-0.005416019029032635
0.005383189047866065
-0.009174470966442078
0.03181024299952783
0.027690452882071805
6.47400103990396E-4
0.021193986661530773
0.026182612596689338
0.03109696724479969
0.029810574404035426
0.03883514362014312
0.04293972297528952
0.002544503440402307
-0.004095271520015667
-0.013814272779847966
-0.015482122983426931
-0.045563313223594075
-0.019124049591367685
-0.021357129551375486
-0.016442700339371456
-0.028105895987047814
-0.02763678397662998
-0.029836445354908012
-0.028470343931617802
-0.017008675557789503
-0.018629710899288627
-0.018421619691246602
-0.01195983176006105
-0.02713762655170482
-0.017655787599671548
-0.00882587714489773
-1.7761445381613353E-4
-0.013491451920124062
-0.015579826324400338
-0.02691527632899824
-0.011334931620986703
-0.026408264301658088
-0.0222541512126959
-0.01846033577242105
-0.014257643103741002
-0.010506743897093926
-0.0016821517456476497
0.008648748877997414
-0.0063461578704522275
-0.0028695543168025498
-0.00796314837497388
-0.008344505129465326
-0.006654462805625672
0.008317071246622409
0.03486100031826215
0.025540194566859707
0.002168036944811556
0.003032939821120743
-0.0065908878359704805
0.023327149010137185
0.025232688045543742
0.011037789135473514
0.004335745748740508
0.03764905056761224
0.014508095409665519
0.023605606401903078
0.044253155619383706
0.04510965212405597
0.01713281114260589
0.008605227539517616
0.01675119285868899
0.011905753180592515
0.006707594794750481
0.006199191694427061
0.026057226799596794
0.020737652319639425
0.030908712555171816
0.023505717743819023
0.011072053979873094
-0.02626032877652379
-0.012712617148119446
-0.028307381100543417
-0.015503178141295607
-0.008780000100599279
-0.022563605368847644
-0.023225104620986016
5.995733520175652E-4
0.007333157900018466
0.013557314177300717
-0.012203645060327735
-0.015267214288061593
0.006488563769012939
0.0093304768919561
-0.003529903483912957
-0.00284579845355367
-0.00641727612808775
0.021950408391693182
0.03060996841686687
-0.002249913303710833
-0.010216374754080666
0.016892816133455134
0.013963575988239045
0.03394071272204623
0.030479972208552215
0.020528892432955304
2.7359110062793795E-4
0.006813041374075064
0.01204326239841357
0.003634923863902878
0.007302292709008029
8.053160594998568E-4
0.005197155134440549
0.010549828509041086
0.008422375676634973
-0.004519498796190022
-0.011603826827137525
0.009274737717236413
-0.10895930599214855
-0.003921829706364241
0.004525184793306715
-0.010034222069743758
-0.010966016300460207
-0.007594024696391496
0.020158645198251276
-0.004325649490508577
-0.003656206115943804
-0.0131637161903688
-0.011714497650571087
-0.016839424701515462
-6.295127499559914E-4
-0.009597016035240753
-0.01523175672573326
-3.2422078160283937E-4
-0.010129739509395027
-0.0022241453908685978
-0.0014255512471184387
-0.009302594367160058
-0.012403786184896185
-0.0084116466799107
-0.014340555515126072
-0.00457644338539759
-0.013743938016211536
-0.004932373258335775
-0.014776902254053832
-0.005813936210823087
-0.019665620583730704
-0.01550683795744788
-0.00821850923484878
-0.011530158930120686
-0.013714477216300532
-0.01655180428790603
-0.013706012714942314
0.006028412331621024
-0.01329435544926465
-0.02047470532196951
-0.012637460037587159
-0.012778849443018922
-0.015236022211291503
-0.01200212705160549
-0.019757527961615697
-0.012497268786048139
-0.015345089615332284
-0.019291292793764236
-0.022336778393413453
-0.022614759347049436
-0.043333238232568745
-0.021178444552309435
-0.010845676093818464
-0.012032513418696598
-0.018096039089959052
-0.028277670878218215
-0.01400387814658944
-0.009718565786121033
-0.009823190702148097
0.010438127523514073
-0.008252273488722978
-0.011001420566505384
-0.010380256633414754
-0.004304308302627818
0.030363576960991373
0.030672630543163333
-0.014911825544881279
-0.0015597553531758001
-0.017560517315309932
-0.007889110316580041
-0.013815742923138731
0.002533120265314987
0.0349325911598139
0.003037935372971179
-0.0024774546696311483
-0.026096637192311426
0.01629487064825272
0.01863611245346423
0.017776408321413986
0.01624934739842761
0.025444404824299296
0.024210586368674743
0.010623325289850345
0.004951009567985713
0.04214883279749804
0.041391581939042806
0.022806790006911805
0.035642462938216796
0.013003203041387317
-0.0025875053477989744
-0.009402978347311831
-0.013129235541102239
0.010498933492300194
-0.01021446436330611
-0.015858497233964222
-0.00271206056678593
0.017016015143376223
0.014602884259274303
-0.005010018208524793
-0.015031578653238929
3.8195560196028046E-4
-0.0033138378319592433
0.002584024756879101
0.030072123842940314
0.018471101823980852
0.010531012054333322
0.021630645686448926
0.003917106025817182
-0.012820404086772562
-0.02295248119097367
-0.008894709140339263
0.002833572746355785
-0.006140278580396355
-0.01141202178874826
-0.006188423462977235
-0.007002731206181232
-0.00717945918761642
-0.0125323907614549
-0.018796037605520993
-0.013521349858444425
-0.004924153294472589
-0.008558147139013808
0.00277937359124659
0.018442213772928987
0.007662297854451961
-0.0038629505331624864
-0.003961525541072418
0.007824045096908165
-0.00798511893283532
-0.011140561826511197
-0.00446774585418098
-0.008465363498106377
-0.012267929303223943
-0.017200291053560978
-0.016956488365479704
-0.01916643602277371
-0.019981360773478694
-0.006473852190930203
-0.021708059328324238
-0.011232466952036058
-0.003806864869250313
0.0037726934769027535
0.001150674918321732
-0.00694198212576542
-0.008249598257526759
-0.0037878534982933956
-0.005886541884098616
-0.0059223319540507025
-0.016794782499488303
-0.0017716600921368693
4.3982106092979893E-4
0.013375174989178236
0.0225670011225291
0.003639112656754265
-0.005144412884367356
0.002318076951785585
0.02471316489826211
0.024334483908004117
0.03880370821284379
0.02550032743195046
0.03710588493339344
0.014224191991037107
0.0028230435960434224
-0.002426603872674069
-0.013292311607532432
0.006963365312590921
0.003566932973096993
0.006884044306734619
-0.019854012867120786
NaN
NaN
NaN
NaN
-0.11431125250929126
-0.027539408784629186
0.018076242135898948
0.022821933192344976
0.050911287018239146
0.04355518461633896
0.021858343107756778
0.04223515629139193
0.036868735601896394
-0.017504326213366988
0.02625287465925062
0.03396285333434705
0.038126176582743226
0.03967663848749671
0.023008468865940525
0.03167220482189336
0.033660848696822565
0.013897204887140436
0.004701798322382489
0.0021609148929882076
-0.0019007667599531615
-0.0045664444043387944
0.0055359394855480325
0.010411913013564892
0.026930244501019086
0.032799427144118334
0.020630055002717695
0.002605661858155333
0.0019245207213074696
-0.011731254467378932
-0.01079071189464329
-0.013021255510814164
-0.006518578275565186
-0.01262054246803267
-0.0046492285917978955
-0.007519688267584366
-0.013369392522096991
0.009930365486740648
0.002715189065453435
0.006187725281394258
-4.995584588656974E-4
-0.0010654066707930028
-0.0010542224320945555
0.013583789849110801
0.009698440568450274
0.009749386482026239
0.009852625229978509
0.043882236700645325
0.022609678306570926
0.002589697649066216
-2.656466031923312E-4
-1.2905570099443122E-4
-0.006463255592535303
0.010650596333338048
0.036781580154101844
0.030165754644899515
0.02152726885706599
-0.012786555992771145
0.00483422598374267
0.025313207932193504
0.03210259192011557
0.030776278069968237
0.03727772297349873
0.03889848024363222
0.02191465062666404
0.01527960403840212
0.03239199863856438
0.03364545160821449
0.0337150631510623
0.020665201985558396
0.009712776525895347
0.02638857596685509
-0.002682638947652692
0.012109158439299302
0.011697380443686466
0.010226491749484676
0.027691137928656413
0.023176432277096874
-0.0038697830760755065
0.007153261255135288
-0.012635206396294809
-0.0010983994414812729
-0.005883896563668773
-0.006990142047374087
-0.004429773093859593
-0.007219858817491839
0.001466726679825244
-0.006473386579579047
-0.008355204967958914
-0.009903661705839095
-0.0054611742498468716
-0.011589543550752656
-0.006411918068759877
-0.005474176128573755
-2.3395900298842217E-4
-0.001633228228509955
-0.015642326851824855
0.003653818381289919
0.004075040793948699
-0.005246944332082592
-0.015475618085709911
0.023186185179621913
0.024917504640549048
0.008988512706617676
0.033765767340797746
0.026762067562537604
-0.007018258389141663
0.002891062365721294
0.015291824726765843
-0.004622943149323478
-0.01491096097546113
-0.01595904453854107
-0.009761436586564871
-0.015359295201938124
-0.015404638377646739
-0.012744602057958822
-0.007465768068680441
-0.010918504794817156
-0.007534537950743891
0.009198507564849346
-0.0018466945667875933
0.006140323755226478
-0.004534164538230398
0.01775418138771257
0.014789506409812827
0.018327947501194982
-0.0022127265309527916
0.026225701574191768
0.01236276403546925
-0.0037691585340974185
0.002062697115156031
-0.0023996243521078437
-0.006177857928387561
-0.0044000124177498694
-0.006029574702581926
-0.006128542507967386
-0.0011072178474368735
0.002947155537835432
-0.005684275603711857
-0.016886437458107056
-0.0038000773425158146
0.011904543615021293
0.009056583689376924
0.007410901767081314
0.025021795741122045
0.004558778090603899
0.006073468960600783
-0.0010441966317492053
-0.017209846029274316
-0.005592283535437949
0.0058745269821398865
0.02715246201291534
0.014935847634499063
0.013660111392602746
0.02439528578574603
-0.055096693146880434
-8.583643713454491E-4
0.011950379528021743
0.029902684322800768
0.016086766763120416
0.00468722002063157
-0.019384502739664963
-0.001754398052832605
-0.002840680975118653
0.002335357602328013
-9.263012243187932E-4
0.007831603620814958
0.01667168114540919
0.030599888842088425
0.002526267052062307
3.174850302974509E-4
0.0023479463896410794
0.004747865890235001
0.01731576685606124
0.03183720345152214
0.05149264827547585
0.044105987555696655
0.03136838991957715
0.03783535498305332
0.03385571802655103
0.017206753806306464
0.01949901836734317
-0.003223971256260782
-0.003081444515983595
0.006128482571250071
0.015966116411508736
0.031324136271607156
0.03136599920671077
0.011162670950302201
0.0015895528015636023
-0.0025253887347957324
0.006980920406623494
0.005289821574359604
-0.005313045203311238
-0.005379793648179015
0.0024479213109424775
5.976233173633971E-4
0.00267196358065876
-0.00719038923143238
-0.021479926026201097
-0.008025361272692929
0.0018185706099530193
-0.004101030748338614
-0.008924682018486011
-0.011435911236741706
-1.805583241895224E-5
0.015316992397619519
0.037156639498733934
0.002193797021689107
-0.00878396302849319
-0.014067665859482378
-0.009926803787958625
0.008705412227512166
-0.002706389240249685
-0.010948537310886294
-0.0068699177904960294
-5.675618468813592E-4
0.010006776531739378
0.016065316075762837
0.0235766005348868
-0.015382774839190459
-0.013289836058559969
-0.01519222886471833
-0.010129139830309143
-0.006050639586025235
-0.01003907430271499
-0.015455885288385984
-0.013908168030030282
-0.013718834598574248
-0.0022626614481329366
0.002258114413520495
0.028116355989557237
-0.0014803202238847838
-0.012586273175781697
-0.02320122137785035
-0.011194258375636722
-0.01783475725329253
-0.01417999684316502
-0.017141589283877556
-0.013188399516725853
1.575985646823288E-5
-0.00828332847498882
-0.010241327985201562
-0.0013380683799517428
-0.015317140494916094
-0.017544331068890626
-0.010789303689630953
-0.00891929149167719
-0.01120061749224691
-0.004664583178877409
0.021560811114380306
0.018641222232713313
0.012123185124105023
0.02853078393811572
0.028536516165852416
0.0011643166412094908
-0.010502539572945578
-0.007013070802991
-0.01446531626257035
0.00618354912914465
0.0019019258472182876
0.0021004719110015195
0.0017712600792051398
0.005076606790581195
0.012456026437541007
0.0034077779598315253
-3.2427405705634255E-4
-0.00853267674572842
-0.011349703968036914
-0.010689152170229527
-0.0138332687487208
-0.009025853728734082
-0.010320864393974418
-0.012756731929273818
-0.01522170930431127
-0.013093965655624446
-0.014089623058646094
-0.020998641670552664
-0.018545350923414475
-0.009579014636340864
-0.03184253172474876
-0.012838825904535806
-0.019014529806729352
-0.014558418550395996
-0.010983637599358886
-0.010292743259436101
-0.03858506949383391
-0.0017902085333048666
-0.0013945503971145505
-0.017083947132900994
-0.023303541538966778
-0.026272496967437373
-0.010551107816363812
-0.015538624363110511
-0.004400948048797017
-0.0028720904394189477
0.01395499253567463
0.018577261981374764
0.009969974978979891
0.007032282606597388
-0.008991105727974708
0.013169282014472566
0.023037014441567364
0.02181231147233083
0.007560929008340572
-0.04662123345406568
0.005069693712729756
0.0026211624771473566
0.003610846032321492
-0.002186750529164208
0.012271427895686414
0.04371414317629427
0.02296454430199843
0.00851151472855984
0.01783851356448657
0.02266141083947307
0.0058970166980155565
0.0037659715277714436
0.02971006788106175
0.03404329237051656
-2.539254190008569E-4
-0.0015190353797531375
0.010033835354120646
-0.012920919515455244
-5.905159879733379E-4
-0.0029672395229702942
-0.007994483804638242
-0.003047428539139489
-0.009172940994617448
-0.0057313482157540785
-0.007913963396092192
-0.012042844288338923
0.004951582053935012
0.018732904649040517
0.009606634573332424
-0.010588620749316926
-0.004285038980934106
-0.005526374829678155
0.002192051305041776
0.005155144741874537
-0.04547751375610386
-0.01613262169512631
0.013349055996957845
-0.028564526357609036
-0.008001152164426647
-0.008380993388749884
-0.012243518366808193
-0.007769595971582751
0.0044252375686582275
-0.00997892419776984
-0.011582401340640662
-0.016313547495050835
-0.001164507481551729
-0.0021388700105499764
-0.006264670962782536
-0.002827495716637302
0.015296944956795455
0.024680867587632726
0.026038575030594983
-0.011356398589813861
-0.0642256077433247
-0.028180503093272056
-0.021146790667293306
-0.025844838606167864
-0.01045880150422351
-0.038996501810656684
-0.019921323104014066
-0.01226884454785522
-0.018108102013668928
-0.007614992362358916
-0.00971137166711506
-0.015582435588637051
-0.0096155025212481
-0.005132576511267131
-0.016492741802654205
-9.236871041879403E-4
-0.0057508074331367575
-0.005272053025922803
9.104268300047175E-4
-0.003790556911576064
-0.008480699212512759
0.001373904534449191
0.007445497779870828
0.009352054191117462
-0.002993418001852779
0.003324455401069904
-0.01424772554027479
-0.011077892106872942
-0.0031259084855303682
-0.010837732358304732
-0.0019230494039822591
-0.029360519716782937
1.3999607473451185E-4
-0.001983061507561944
-0.0048569999478968815
0.005111422296230355
0.010566495396867713
-0.00592152757333083
0.018284554014561277
0.018849688463972482
-0.007146901248830549
-0.009840520334057195
-0.02279445759319042
-0.009464337582988161
-0.026591291196873843
-0.01368196825044363
-0.0179338894234149
-0.035980893555052476
-0.01500099315966414
-0.012791099149054297
-0.01829397354499216
-0.011505785919168232
-0.011075066106535672
-0.01039549987976204
-0.045669125890030624
-0.012918861963962355
-0.05443722783247273
-0.027107398274810006
-0.017845164702558498
-0.007632191027837231
-0.009328272148956434
-0.020574860070932288
-0.007767252530761952
-0.02923410568477044
-0.012100875331884062
-0.004301323354110424
-0.06500344896337498
0.015290314825195361
-0.008202918476781961
0.004157712201742511
-0.010993969777826443
-0.010957170592372029
-0.006725836291009131
-0.017203169903471736
-0.041507773604664906
-0.013021951122327322
-0.005375653484272521
-0.018420313596811698
-0.0483915477463066
-0.012887575053092942
-0.012419096860100582
-0.025209507650777074
-0.015639658652738656
-0.0011682760413109735
-0.020260174893998582
-0.010599989843777243
-0.02088494247342089
-0.007515858498024367
-0.019367768136387124
-0.011702006841721796
-0.01464613705817384
-0.008201244629650347
-0.010772650905644984
-0.007311959919586726
-0.01069552710547401
-0.011663016966449691
-0.012613849248898502
-0.017185770262019527
-0.03582059673426136
-0.014798194556760933
-0.004480037990366821
-0.01544126603251766
-0.01596863818005794
-0.017717236053644544
-0.023245750756848507
-0.03969734879178327
-0.09047015787899242
-0.015227213647392022
-0.03463070230897685
-0.021154643993611406
-0.07301058866431684
-0.044108914594554106
-0.08261855901558018
-0.01940079038582849
-0.025943067263848624
-0.008749960116154192
-0.01232629251223127
-0.006019343239759233
0.005225942114115775
NaN
