0.0029217893223634525
-0.0033180406781668204
0.012686021126895642
9.293477505430828E-4
0.01278805067190593
0.028461740912215844
0.02448405739430921
0.004315665786071347
-0.0014893191057289705
0.009420899119373818
-0.0044025226315783095
-0.0015060854515056093
0.006993871693256435
0.02099197439052791
0.01737017731770354
0.0245575602041844
0.014402370738482903
0.0017765394449149286
0.0026190582122167403
-0.008545751025674102
0.02172797992912606
0.02404028267392338
0.026029760943770252
0.012159581616120158
0.009754266753032467
0.026616212051203757
0.024506665958627154
0.007554487558707863
0.001367514467256254
0.018474889885313397
0.012921545912989867
0.012632030233958461
-3.8146969924667245E-4
0.0014214740896651874
0.009046301192693566
0.002814043028108845
-0.004138160770721202
0.0010345203564632887
-0.0013373050848897654
0.0097821457576309
-0.0016128428579318325
-0.006472475124696125
-0.003812072176744169
-0.0026084585705336938
-0.0054474999743624394
-0.0022449007687163707
0.016309494702681646
0.018772604295124708
0.011508635250790222
8.111892892311663E-4
0.0010424429204026068
0.002403262420347942
-7.051804010600911E-4
0.014938936408287662
-0.002326480998310221
-5.233784391908626E-4
0.011006400751626816
0.016562540006209568
-0.01919560954623265
0.0040442500037852595
0.01643760944811643
0.01909501683508861
0.005443325066863691
0.013514033183364006
0.014766339671986923
-0.001330412243909515
-0.002583823395115248
-4.988444590347E-4
-0.008888555319626304
-0.006104838639253908
-0.0016964006706146968
-0.02405700546921716
-0.004739166015536948
0.018440624273431613
6.967740116667412E-4
0.009144105543751939
0.005856108395722235
0.004202756265532291
-2.2050619352354146E-4
-0.003780519332606941
-0.0031957787234906687
-0.008671401308609704
-0.01255656094440403
-2.3462366997386566E-4
-0.005570356109533164
-0.014774644625879437
-0.012258831710633782
-0.01551915481123879
-0.0014964797169361326
-0.004455911724408984
-0.006473841769732137
-0.00650346583801234
7.601103837330332E-4
-0.009506994386293642
-0.007831150622370242
-0.011849449014829691
-7.247535072392808E-4
-0.005522848033853745
-0.005231863633187546
-0.0012079832995128014
-0.0012510604157415267
-0.0016759297648306745
5.24431396112478E-4
0.007340410564828228
0.01830347144453096
0.02943677230277504
0.015456667942662844
0.023942596422734688
0.022958326521603446
0.014725219344873473
5.98379883631281E-4
0.01907765856450172
0.01360679200325126
0.008345170385276988
3.4957381243620094E-4
-0.004776642679604856
-0.003765269783682213
-0.007312673178339155
0.016399286197530272
0.007839529938713372
0.01121533776864181
0.0027405664474309693
0.013143066100901435
-0.0013713030124370665
-0.010850431901966376
-0.003275235457362344
-0.0017092800056751679
-0.016979379033570344
0.016145427223693935
0.015703947983563192
0.030943395041791392
0.01365569804848806
8.385674570679218E-4
0.005970487396229623
0.01013609025007886
0.023613811754907288
0.030482685763002525
0.033202472304186575
0.03655341863910463
0.021617350984239433
0.04240349095024381
0.026684207071482655
0.025695931994308602
0.03715312085794675
0.02973020363584039
0.03158035004470206
0.0392355510480421
0.04057173684064477
0.035774156573857185
0.032192774221795284
0.024436979435441725
0.006784104969626056
0.010469286312833198
0.01384185991980522
0.008367369400780991
0.002499170757977784
0.03167755240063675
7.161050271978094E-4
0.00824086495296576
-0.013067796875076034
2.9842454445904885E-4
0.025450752359364306
0.00821302038986893
-0.008538536956404733
0.01501243367742497
0.01701669147219958
-1.0872235423704411E-4
0.013317585768681615
0.007793483253113426
-0.020877943605243945
-0.01249440067132034
-0.012126252466897663
-0.004720492452879676
-0.007198754981484834
-0.013331629602263901
-0.0033541483006907327
-0.013904022262174942
-0.01598392988077367
-0.0064984051061076215
-0.01286507527985332
-0.014530299495064078
-0.009285188147237639
-5.120120743014192E-4
0.011414636194750779
-0.021970449568413295
-0.008434102327963216
-0.004290362576656484
-0.013585387008719191
-0.00942995225120267
-0.014882337792493856
-0.006260578708974028
-8.911497514932781E-4
-0.011249608501470632
-0.0045626202315421395
-0.005819610209465942
-0.005104158478075528
0.0017016242004638993
-0.011916905077902143
-0.010964876582245537
-0.005872602981907147
-0.04665661875846239
-0.0061104592784500325
0.0037119467970239757
-0.011113331342145058
-0.004579192733076328
-0.010923878784127079
-0.005327415384395202
-0.0045857321557544965
-0.006363031693343122
-0.008926485724312917
-0.005335015944191647
-0.005900539716910387
-0.007436541465317456
-0.00720821816390696
-0.008887037689579047
-0.007997303767795446
0.007860814364325014
0.02052785688810026
0.038303397922014155
0.03220659559372196
0.028932274818989037
0.023843826941168638
0.0016513114566101435
0.003770934860873978
-0.006452181579796568
-0.004737326629431646
0.013936623887908863
0.018516112878632883
0.0031848843866291955
-0.010630304938996776
-0.011783091747571535
-0.007036218455135523
-0.014994358716434493
-0.023170173801885706
-0.009893467819129363
-0.012563924873777416
-0.009987204573487975
-0.011195145369309687
-0.0090871585881251
-0.012907537065589272
-0.006919936372289435
-0.014596011234704472
-0.009524575463715419
-0.017201348350794857
-0.008392197273126031
-0.01808416152824288
-0.007851370828322811
0.022150829939257922
0.011038904492506066
-0.004202280990059565
0.007475596118742666
-0.005299830047146022
-0.0058859192459887345
-0.00541299417582701
-0.010703905670143024
-0.012895570558978388
-0.002295579977389817
-0.002101759358678491
-0.007044701476320407
-0.002379895749301792
-0.0028177579963401737
-0.006890086247401601
-0.013728093337307361
-0.004623848109996205
-0.002875375129186964
3.3654921443653863E-4
-7.093317599894933E-4
-0.006999832832636013
-0.003332479913077293
-0.0025768453913118604
-0.011562034473938016
-9.187301672255012E-5
-0.010311090478785949
-0.002035017224306389
-0.008915115401916302
-0.007527281191646007
-0.006841012623856635
-0.01971248418021347
-0.014477617607521849
-0.0066199302970807745
-0.020218978485370517
-0.012257753738987569
-0.010582999940159175
-0.005846972537446123
-0.005617277849927211
-0.004984104795389735
-0.0034431501996819275
-0.003411980930167299
0.007191356727502499
0.027341170617330574
0.029279870876114483
0.02639830899574648
0.018085891490626282
0.012837766330559284
0.02056810066594694
0.008573130036443078
0.007696943471057262
0.01815987860866087
-1.799141476970115E-4
-0.0024555675622317933
-6.814817971745042E-4
0.011962679284664674
0.013466037459861944
-0.0010594538541964771
-0.00292865175531172
-0.005352670471257795
0.004117356406741802
0.00831152603885614
-0.0015592320870047986
-0.008509617089833296
0.0011000136006963936
-0.005487309593443934
-0.00817480118296101
-0.008848629749000816
-0.0035910177352020344
-0.007735307340284849
-0.019263819349323648
-0.01619907994958315
-0.012125817703010498
-0.010513874521227594
-0.011985384258930228
-0.016689342228155737
-0.01900871585782335
-0.010981740103228901
-0.0076452016119259465
-0.01356174802753963
-0.0050292535250186475
-0.015255238141987133
-0.015636922370649665
-0.002769611439405946
-0.0056083859727764935
0.009925682786219681
0.00620623947557193
0.006843202385179319
0.004694608315607331
0.010891248521520052
0.010157200239883082
-0.009445214794071807
-0.027605324965002738
-0.01636052089902429
-0.015421196774393053
-0.020595204089894095
-0.00924997708588354
-0.01654129151470665
-0.009680680328621743
-0.01782191044394596
-0.0016953016679075931
-0.016841977865887738
-0.009439368190180325
-0.011022754113170802
-0.020786710855198554
-0.014156064077941533
-0.061967312749592315
-0.08738441650097716
-0.011255564306277319
-0.02156256453169322
-0.009444124551314655
-0.0066110592798192085
-1.2014871891943488E-5
0.00188412148053349
-0.01717632642636483
0.006676310079701863
7.254476281625833E-4
-0.007249201542513486
-0.011370220133158578
-0.004585779302621546
-0.01045494034387916
-0.01009725858330746
-0.009962663109820104
-0.00990918515383089
-0.012457147200052775
0.006903603634889833
0.007893739851743957
0.030842822693095684
0.036084546979191695
-0.007365720918013012
-0.008885952898776481
-0.006709543540613495
-0.0013742201433750022
-0.002530279140288108
0.009477779798443919
-2.92354214059376E-4
0.023040930522338816
0.03426962355202994
0.025423209874007705
0.018665965735575548
0.012191219968896867
3.289686986679293E-4
0.0060413449735682
0.004150487860474094
-2.5050793746544606E-4
0.0039086378414294335
-0.013796917761585854
0.014029548861901069
0.024840491190808688
0.004056661535056665
1.4667912217372495E-4
0.004518069629926356
-0.005990655695187299
-0.008901506035207311
-0.009466847217937198
-0.01105909506242691
-0.004000277762283077
-0.009747382915508723
0.006055747596928796
0.0058845280389520725
0.029509232181170377
0.01751433555836454
0.018535221952031472
0.013059363669735171
-0.00521325424272061
0.0062616066062124885
0.005498990441251946
0.015986627888548904
0.00871867640091562
0.005271170005100505
0.029460050461711053
0.022744311557433332
0.021801039728152907
-0.006561282872133881
-0.014181420308769276
-0.0124366969668889
-0.01597403992092014
-0.04481023792091309
-0.015945684746575962
-0.014518802837865543
-0.009089654972107713
-0.01781877212027617
-0.01693424136457392
-0.017048690906583827
-0.015675238580654484
-0.01857795187433096
-0.016330236475550687
-0.011790194977162181
0.002144284386084881
-0.007140832040216196
-0.01484739722396135
-0.015353634631948719
0.00144596026392949
0.013198263352142829
-0.009932412974558137
-0.006105751653521471
-0.017452032164935512
-0.020698828015227665
-0.010351809794630205
-0.00849362269603508
-0.005772949002058185
0.023035016165385058
0.028269133816637076
0.034991604211956094
0.0022591062647707143
-0.0038667493061752176
-0.006411164752057679
0.0023434728487785224
0.026050069128057723
0.03397040197424835
0.010350382162601446
0.004275445737773831
-0.0011554240068365538
-0.004912558389642935
-0.004098846211438641
-0.0024503666592634106
0.010161215535995987
0.02463960883033799
0.024958706696440153
0.03365087612387202
0.02693798020820915
9.985556977830587E-4
-0.005805666954952762
-0.013081420904281047
-0.005010082858712805
-0.0016080053348657684
-0.004890812168403185
-0.04833192663449575
-0.005615539513707345
0.013259569004758607
0.019822501630470103
-0.0023584347952968587
-0.0012414700348435006
-0.008674887615784773
0.005784568438813507
0.030896612773403002
0.026889516379858425
0.039109847600100896
0.029086502223344923
0.013151989845138044
0.02361692731084143
0.018329749770821507
0.02106398015903272
0.012650180345065685
-0.002127038202371477
-0.015524521812239818
-0.01960344796219304
-0.020641755614197708
-0.005182226949049349
0.006649959266966542
-0.0043713747714465324
-0.002085327792584237
-0.014466035345819294
-0.01546029028083092
-0.009946589002409096
-0.015282513358308486
-0.01360609411837647
-0.012390648187681139
-0.015087144603320871
-0.0037909662677609213
0.01778062808637834
0.017279490774481196
0.037041153702046935
0.01588049860078389
-0.018800402346094886
-0.012568822089173905
-0.013000422236090747
-0.02696077031913907
-0.013471190481640824
0.01386140462776006
0.009813580242651427
0.005767886748974674
0.015056239120174387
0.024456576656572984
1.431885305730211E-4
8.244888163203685E-4
0.024492639206186818
0.016493839205258203
0.009236009770019168
0.0014244473330724597
0.013536532566239753
0.015015750186826165
0.0011423527710580292
-0.003733300288236686
-0.008554654956249188
-0.00840271555097116
0.009847623550499309
0.03672781718666658
0.033627770169567944
0.023379922699314874
0.026531511544641322
0.03236600554045314
0.054408531690625664
0.05334562966946756
0.033652352052796174
0.01950673934782104
0.01632387545587082
0.011180968352296079
0.019493452099458613
0.03035666681787103
0.011087530622953798
0.0011124601146381811
0.010567932096473965
0.016056893112260894
0.023676231972364015
-0.06347521327380735
0.007359956446103086
0.03978133662000211
0.05274346445942874
0.009147547971158387
0.024138443170833693
0.042739158605810866
0.0382172156189834
0.031043976812342552
0.03848443441071771
0.03472965878118256
0.03759769555211332
0.014396053514364524
-0.0015771754822691548
-0.008084446721735219
-0.02026630468958524
-0.0388523278645996
-0.020703564090652864
-0.015066387281906289
0.003683769556073107
-0.0055779536455937626
-0.009956896750370517
-0.00795665725180287
-0.009653981453955057
0.004477538266991631
0.002265271592616895
-0.0026886012392629663
-0.01017312594842533
-0.010444487559540661
-0.0029318336194419704
0.013288728049828552
0.005660545402375994
0.012360985892242013
0.0017991801457483121
-0.008825833651076758
0.01009894728013906
0.0336038973299215
0.0024380623975304434
-0.006948946477707411
0.003359079205654944
0.014427487927360483
0.017086374421910116
0.03109095905426204
0.020434396830445817
0.014553636084291603
0.027276063236831693
0.013581288621879042
0.026499173487770804
0.019476534308511765
-0.018799116764651534
-0.010721593323858587
-0.030075236414153432
-0.00328346921248255
-0.005396862598147445
-0.01590879775233306
-0.008538023368772974
-0.008616701848281949
0.0016046859064714751
-0.0022009938211278745
-0.012783980339561227
-0.01132624049012044
-8.989460337338606E-6
0.01726815742585708
0.04833458025621597
0.05291525456529009
-0.001986782543197419
-0.003356862197736669
0.015949424834556494
0.010198249775129621
0.0022153508242275305
0.016914294681975837
0.044151070741244615
0.04344901410289999
0.00875275895779265
-0.007823123711467001
0.009579674638090794
-0.0162274999744198
-0.016117979875886663
-0.01346703828638319
-0.013226024352349519
-0.015062109625190343
-0.020074969957568026
-0.017174293396104132
-0.008979975368994452
-0.015811277540424447
-0.019862595147191367
-0.012367358847989441
-0.018166372863659477
-0.008820531896882
-0.019434496622205855
-0.01468080742991744
-0.0050315948148123655
-0.014380699752579327
-0.015822180570806532
-0.01057054439046179
-0.00987268720749642
-0.013843348133530524
-0.016326747691397067
-0.014809476274554862
-0.0024718072463822877
-0.006968862194964384
0.017439457885261005
0.011316753227098113
-0.003417974224499134
-0.0069186594730660834
-0.013911723364168889
-0.0033797694522090505
0.02322414322458814
0.01509363774043341
0.012504072935250451
0.028144890478203267
-1.5813651322957268E-4
-0.02017904031498009
-0.0010366377962367514
-0.0028565305018392662
-0.006177782807228629
0.009863290611413571
0.04573260568403668
0.015682784672485676
0.019184369285330485
0.020484677099832944
-0.012968972446072776
-0.006535788379914937
-0.014338835501778472
-0.01616760514600055
-0.013924134660472704
-0.010421688000041925
-0.029975992368604452
-0.013600053629312608
-0.01982272984335104
-0.015298061310213598
-0.015572297549760883
-0.01463007262753979
-0.018186295969185456
-0.018456834021497264
-0.01644011120196593
-0.018208119420805656
-0.02250066245298094
-0.027567419142027427
-0.017168897595425624
-0.01969158203315882
-0.017924374812630494
-0.022085630016879812
-0.013559552145603641
-0.001414504150062923
-0.005624807181518199
-0.004969437555362012
0.0029278314839020388
0.0024123680821471123
-0.014087811106388523
-0.02005861844389057
0.006074819530677198
0.025321005110315556
0.0490602839497956
0.04257885097155048
0.0402088606193088
0.01716137404481866
-0.015677130341303677
-0.016640651609126395
-0.006791980073014471
-0.015515956796820588
-0.013912249738903646
-0.012079084946386036
-0.018747240291205426
-0.00945479775208904
-0.017508352890925012
0.004640237538833183
-0.017366845172592585
-0.012072148412644387
-0.03009256955617317
-0.009916816043633042
-0.00514861987864852
0.02639008929542389
0.03548825694078522
0.049862399631268726
0.007729090139769055
-0.004219819580783253
0.008209034696908596
-0.013529984049256998
-0.023852943077350208
-0.010757641296911468
-0.01066203691987717
-0.01954422882880273
-0.010627019590584761
-0.016170112784884963
-0.009842108167085608
-0.010372415222510556
0.020376668507530095
0.032992773124952475
0.03217052330810297
0.029285791394478147
-0.006795227100494284
-0.004583262474425
0.038611724117031176
0.05004722472304265
0.026342034254105157
0.03089727830235718
0.014967101948433197
0.014976521704662415
0.03421876288021393
0.02859875665186272
0.006907331689699812
0.0014885909244230177
-0.009558503800686501
0.0017048182277264723
0.04648505061896991
0.029715737465779133
0.027417688081068103
0.006154327109135485
0.0164508900269013
0.04041931109639348
0.029715059975014932
0.016296406689888264
0.03545263380502669
-0.009466527813296204
-0.017018755044444406
-0.010104397715201881
-0.01724611093410386
-0.006432017725832026
0.01253278514661635
0.024935060849650643
0.014993735881418004
-0.01545085311916314
-0.008508089100153115
-0.008564938844416949
-0.007621744333339245
0.016117298064472985
0.01957406521075797
0.029087256207559854
0.015476932312153862
0.0010499390152733594
0.015189485996125037
0.02988507112417686
0.014386027113474725
-0.011085332519268614
-0.012812767970448653
-0.014393006548888079
-0.014352855132180884
-0.003311258716944551
0.005326067926140905
-0.008040987582933753
-0.01587524411834874
-0.021450929931026534
-0.01928544936776211
-0.019423616436407505
-0.016448230978286196
-0.011437300522733895
-0.014775449689437196
-0.01484176053136487
-0.013612253621095449
-0.012573217333128283
-0.012212277492130547
-0.015824811875986066
0.010854570007062565
-0.009942362673396087
-0.0105725017951275
-9.837753191880238E-4
-0.0073997623484980315
-0.009137535623329715
-0.009395030967656823
-0.0047609564392677006
-0.008516662008282399
-0.01081068470789919
-0.010251577683127155
-0.012179069548914479
-0.002408692869716712
0.01868611845854802
0.013892931384150894
0.013968297934261851
0.015045378878971368
0.009138434706257715
0.03594168675329712
0.04554994608435341
0.05070073880950802
0.05137452799458797
0.037424049998812076
0.043661649231390036
0.04421972127797111
-0.002472708818303772
NaN
NaN
-0.031925698222989816
-0.01669930905306228
-0.01684293891882701
-0.019051252244864574
-0.018362749494366747
-0.01542823295618872
-0.025789234039107503
-0.011136148543556422
-0.01417007776319064
-0.014246602963401305
-0.008695468498630898
-0.013541356540918896
-0.004623079557850676
0.02785155042381625
0.011400558825850724
-1.2385296514523612E-5
0.012379319710958145
0.005147461328039119
0.03550110016686925
0.03180297568901428
0.034080521757311064
0.03926659835140009
0.010312052842400431
-0.01680881071920995
-0.008209718780628468
-0.017322557471592642
-0.014907835105678507
-0.013628148283801456
-0.014071146228101896
-0.009568549585083552
-0.016172494806012076
-0.01569447410531913
-0.01718755023724622
-0.02350146493284445
-0.012172491931271954
-0.006352596353676729
-0.012140840015749655
-0.02204512550671194
-0.012972468440224974
-0.01719472018292407
-0.01641865390505865
-0.017447940679868372
-0.026731938225939444
-0.014928909932895367
-0.020551785493977813
-0.00554615231138731
0.015797489929301606
0.010701384261022675
0.017870748139513688
0.05606635247279803
0.06969989843922146
0.044064016123539315
0.04244906309734427
0.04664057894939066
0.030040450642840215
0.023115352312715925
0.003855387990343299
-0.004629508483334488
-0.015167835688239576
-0.0048047907371498375
-0.005400320836081952
-0.015888407908020544
-0.02029245834776652
-0.020094084236525842
-0.029096619288749306
-0.030475706364512883
-0.01295495157139681
-0.0219342562394399
-0.022920374964454808
-0.01546020514937776
-0.022535630481228357
-0.011872538750341223
-0.017360708346781037
-0.0108514880821849
-0.017995863718977302
-0.015660157184634604
0.007152976600968832
0.02864393841580528
-0.004882069889309329
-0.011061266131586674
-5.526817289953374E-4
0.017596724668705144
-0.012810670531447304
-0.006335521123341192
-0.006595970537694543
-0.011449412030370108
-0.018872541179254822
0.01770085536396442
0.01363220542768496
0.01816650395641296
0.012927208398754114
-0.009468789572612126
-0.0056067348000009235
0.00812826729346763
-0.0068330315077418
-0.014351291894763396
-0.01186940091270497
-0.005867561524613454
-0.02130698608816194
-0.011479638701914246
-0.021696993069757593
-0.024739625647581295
-0.022351182819996592
-0.02320164738749298
-0.017931697516946763
-0.018226012528284895
-0.012359232722614086
-0.01278682860579399
-0.025004051636309393
-0.01953068330832646
-0.018031549438545444
-0.021519505071507534
-0.01859387248378094
-0.010232348852773344
0.014705435764442273
0.04442058724018495
0.04091573958246052
0.02202187859625938
0.03512549008229329
0.03139484546213357
0.019720249619875733
0.011910667147848903
-0.012975693018407482
-0.01353955899968001
-0.01308238731490115
-0.01973906939632357
-0.01552624655604525
-0.012459238633590206
0.0017375752410417017
-2.1115676304170545E-4
-0.009299117108128297
-0.013108053379770503
-0.008178273947945024
-0.00410496723538094
0.013094370719127016
-0.007326196056199401
-0.011045329439338567
-0.007712152047131842
-0.010402232141939052
-0.009094476562019452
-0.008415243676998195
-0.011974323995191232
-0.012745125810158594
-0.008327422240419009
-0.009940755101780418
-0.016954682928521817
-0.004199807448105528
0.01712393119772817
3.9288748072079235E-4
-0.01178446601277522
-0.003284671174203457
-8.699687481680909E-4
0.0034406553180453903
0.014366653758367525
0.0019112906776829967
0.006328875810447852
0.018665430125398105
0.013021535757651855
0.005374907644627528
-0.0014054780048217519
-0.009320433662804958
0.007936895941337866
0.010184529251903109
0.025949565096031524
-0.01145377649450288
-0.008529426696038551
-0.008772501889143252
-0.015101396345777422
-0.015318832008631206
-0.01766828990459154
-0.06453093155887486
-0.017341281314717835
-0.0036040285892119154
0.0026628850054510418
-0.030661461824270556
-0.0019855864869172866
0.008166615576727546
0.030538823699918397
0.01791528726507047
0.014035501287052238
0.035059256811948145
0.04538409199568881
0.04557229458408166
0.023385975560844065
-0.0021847552147701414
-0.0036411535323095322
-0.001636994875971106
-6.320229094799006E-4
-0.008328789385739287
0.004414127175622432
-2.56976766970677E-4
-0.00551340596755023
-0.004836505702195732
-0.009743605557980733
-0.006219286335307911
-0.006732682256197331
-8.439843621475072E-4
0.0012321546478536473
0.006007148539602738
-0.017250815093451534
-0.00924662941406379
0.005547754656647004
-0.007053960958342747
-0.015757630392407795
-0.016800708480857594
-0.017816388630846218
-0.00999751772584659
0.020436838377263723
-5.829949079827106E-4
-0.002032717448982925
-0.006822153560064329
-0.01072939620345088
0.010066158458096207
0.005521408287804263
0.011704127834530436
0.01943236292515914
0.03516705474046097
0.028219617328214246
0.0037058099595023994
0.00503683353596771
0.02653521507624925
0.015712832088084227
0.02101709116794604
0.02525680536999599
0.017947416790482586
0.0077777781306682895
5.498708905160759E-4
-0.007945193427554856
-0.0033954686781290954
0.010072288987734318
0.004813349037564612
-1.4167195921005243E-4
-0.011566533375760154
-0.013381847464035234
-0.02241936147778621
-0.006474325741964349
-0.012987469505248607
-0.014134417767253547
0.021351713289536008
0.037550301825382174
0.03128647035570321
-0.014154370947536883
-0.018492330843514555
-0.019058692652563616
-0.019625286026046775
-0.020804220587710212
-0.022799691588556093
-0.03612749577134177
-0.022102748881550255
-0.02036178134938984
-0.02267440596105726
-0.023679976616390885
-0.013923777488813628
-0.01991590280779989
-0.022574641956171277
-0.021530606298183916
-0.02126936861290155
-0.016596787088854287
0.004727779282312858
0.010683795230742624
0.0011335156247920075
1.632369863370166E-4
-0.0028505086885506283
0.0022729889138321294
0.007167383452139875
0.0038480355935707738
-0.015707262943279635
-0.00807731182425167
-0.00584159107250304
0.008955771672616915
0.04129687695271748
0.04779949323165545
0.05970155702110814
0.05862334697209279
0.060937722267695914
0.021083392048799415
0.049474837869803064
0.05700713328059878
0.0323741852185042
0.00979952697041256
0.018872331850923744
0.01797457050160534
0.024585538026396292
0.05552709896288906
0.05116998295154394
0.050755099859868855
0.05587050216896323
0.03792047214342255
-0.00605270330990559
-0.00766040867102661
-0.007206685075727647
0.014963906509606656
0.006451907859601912
-0.011003982023272131
-0.0032657562758757635
0.0018348685197335896
-0.006046320908439219
0.0015106440841642147
0.009721086230415631
0.019938919271863906
-0.013340399514094962
-0.008381624958111303
-0.01936545055185124
-0.005210930672343957
-0.00190667471305144
0.002426802458978058
-0.015793891371639026
-0.011866473480978825
-0.016630381328817338
-0.019374341419061372
-0.01769156006028926
-0.016441964590036186
-0.024435845884430075
-0.016309689785568956
-0.0076944585637785876
-0.00680018851247907
-0.013364826783068764
-0.007773200168318733
-0.02085589685401384
-0.009981091506762726
-0.009259606429093124
-0.0147752705940264
-0.016531941782111193
-0.022486194592325134
-0.02585063922940899
-0.022009829910432238
-0.01831734677415174
-0.010377709356259862
-0.005223657651577878
0.03136897394636785
0.04662403208702069
0.0034484363789883767
0.012315143795167464
0.017453970584026014
0.03787271349622777
0.04439470405098436
0.024185117406082913
-0.004000093685650932
-0.009173761146773924
-0.01175512142182901
-0.010951701358993907
-0.004676988635657096
-0.004232231459974619
7.230384177225099E-4
0.007917849107919884
0.012413406256056646
0.03953334187414396
0.05084929736281422
0.04297483223825621
0.032667653286755506
0.02347692266666221
0.011762900799681748
0.011925351061752267
0.015758844706904283
0.019672721267694634
0.0466327226400008
0.03662159678911885
0.026385427598689733
0.0043744489806459355
0.001149735961845643
0.023277009289777485
0.002712294290334005
-0.006453976171955245
-0.0036887876158351427
-0.00897286766737637
0.020786027421818645
-0.0070731767845703605
-0.006067592122991931
0.0014756410840647972
0.006946713378968784
0.015649995600845297
0.015903196792586526
0.007841152338787316
0.01697561066950212
0.01770897102928687
0.016197182019371887
0.025493062609945206
0.0551239381224376
0.017738003852824622
0.01337248762297399
0.02352809241728489
0.013762429561262194
0.0029793795207977685
0.0031874447006164054
0.026928721970257252
0.01648129202514892
0.014546784427494082
-0.008872532364523964
-0.013675931332537283
-0.018008503251201936
-0.012092650587484837
-0.006593270273470708
0.0028505100281336604
-0.004122324690469857
0.031749722862370655
0.03699116477616898
0.06069068373777725
0.04113926358411525
0.0205531053348992
-2.5371754591601995E-4
-0.013909074197804077
-0.02448252740096468
-0.01861831739887211
-0.011727565810983186
-0.01992974022064247
-0.014257150063748362
-0.010245348553312175
-0.012601973759001213
-0.019575484257224503
-0.015289340750675182
-0.00514063172513177
-0.002150504549275807
-0.0037756859359417273
-0.005745173071005047
0.017591117456827406
0.0424382245833558
-0.006521851684811361
-0.02934636737484813
-0.01781811752877127
-0.021854696775991358
-0.011396896947677312
-0.011288081152369482
-0.015242716078177483
-0.008842230329136573
-0.0156660435107212
-0.016621112775127324
-0.021588839637966557
-0.011040218186808668
-0.019133516349621994
-0.007619505389779112
-0.007144670981539349
-0.0073474211262020365
-0.02441088036769105
-0.01461082840417875
-0.01159568153641981
-0.016975216635632617
-0.008941320935829992
-0.008263740896581691
-0.023362906638509224
-0.013014747628516394
-0.014322254826236972
-0.019283313846753594
-0.014039226749636704
-0.015027712338147372
-0.007449070588673182
-0.012727263192275547
-0.013027545852641433
-0.018368969760838003
0.006738747527415394
0.02081687312968871
0.03582169014251039
0.03937835736154631
0.026105366611625765
0.022303079611253177
0.03465194874097523
0.026498782322959026
0.02252881879473755
0.0254298148732641
0.037655089590034614
0.036331617229606414
0.03449552471196813
0.022543281384304337
0.015493908591438925
-0.004171032498225053
0.004671771339938457
0.00764204766320617
-0.01399272451649135
-0.020308545284381377
-0.017185414431089535
-0.02396028504176106
-0.023063117973299088
-0.012183270264016933
-0.01675493803186507
-0.026658911074103418
-0.01699465581913629
-0.021090873752525465
-0.022555878421827612
-0.020190621091852497
-0.01856487499387665
-0.018818998330434624
-0.018917958140394295
-0.0234909466498852
-0.02008058754696003
-0.02178832566344106
-0.019766209305398047
-0.013687818881368734
-0.014174882619335338
-0.024302822969560336
-0.0036508058158027713
0.0350805485513418
0.029688799104293867
-0.012726032374490059
-0.01375143059386407
-0.010365532509686009
-0.018956369548921152
-0.011321806809576427
-0.02106066813425194
-0.020691584026468993
-0.018531124803887956
-0.028087463783889075
-0.017344184980417995
-0.030683047603298486
-0.028250560261057742
0.002925322647693103
0.052991244932934105
0.019023515616738287
-0.008894377115960698
-0.011929903350303328
-0.04073178324105146
-0.01091155767626072
-0.00838162888340375
0.007110506027769947
0.0025603739185591223
-0.008455217254054915
-0.010990937165625781
0.007306605643144311
-0.006986045421534583
0.03198369911483222
0.04793282848827099
0.06750223559821408
0.05178612652637122
0.016314351955250384
0.009618835287402096
-0.011382697544316995
-0.013168377005557301
-0.015010937800253742
-0.017952182846182895
-0.0119484509718154
-0.014044615743981163
0.004289768264472292
0.04349028005429997
0.030149396152633783
-0.02512582227375353
-0.013663767259063252
-0.019836683874870937
-0.019323559065512193
-0.020647177771963315
-0.018115032404036984
-0.013168718149583153
-0.013504349980324787
-0.0212461400157517
-0.020760571263767055
-0.019511331964063388
-0.03477998484591789
-0.01727722964379079
-0.012683550009145004
-0.019215334461493917
-0.024352324399577182
-0.03450810052759768
-0.021012212993895774
-0.026358015343210313
-0.01129282676117224
-0.006832016877724832
-0.016203746717098358
-0.013456848185569479
-0.005367111926293208
-0.01191435361280803
-0.009610768288976524
-0.01297277470477534
-0.01594663255362397
-0.006820850783488515
-0.017027351737386995
-0.017555211767315
-0.014707524841888595
-0.013339282893616028
-0.006217077285625447
0.010641138238412532
0.02901241351027193
0.05799187154889497
0.04581549220619967
0.008494489241868547
0.004061339855063489
0.030468546959072647
0.03630929758073597
0.02013346276682872
0.03747514112429617
0.018512698826811037
0.02256005158908212
0.02184384342258357
0.04567671894106362
0.032318354770198565
0.0020522460759878664
-0.018360769148958702
-0.021175895661390273
-0.014938218937404496
-0.016806547161739804
-0.0127125258125724
0.008130036981342802
0.005759969581117651
0.018942628265990573
0.03439703749887177
0.04913485342923681
-0.003403405991707385
0.0060358337613094434
0.00809695631489681
0.009607651120825447
-0.00969950807193921
-0.014567116043869162
0.007034378203786674
-0.007923741574713993
-0.002192954477976974
-0.0036272181283726486
-0.01578476002589292
-0.023482637009208808
-0.013199589479007267
-0.016849899757136213
-0.01708961674367553
0.0010273919570458851
0.0012978928226886146
0.007356316165025722
-0.004919688252758849
-0.009636585156448283
-0.01088669332382225
-1.549187680401614E-4
-0.00499727254354603
0.011210434255560212
0.04156194839461241
0.038278818708171854
0.006572558353032543
-0.011587177043887056
-0.01965781342690888
-0.013961828195762272
-0.008227964095821974
0.003415930654345884
0.03517718720900221
0.06270838158208585
0.03273180262145609
-0.008216993272996097
-0.01825410728957438
-0.009438013610683261
-0.013738698743876508
-0.022073278111730463
-0.023117738357351515
-0.01974045857520548
-0.02236456428891657
-0.014955165426731856
-0.013381740409703037
-0.024359441753599078
-0.014197335428676539
-0.02018078251074671
-0.007858536126458822
0.012365055618632
0.025621118831462716
0.011052441532252832
-0.014360681442123569
-0.02067238756167742
-0.016175813224640494
-0.01313553821211338
0.014011670128830587
-0.01104804541414371
-0.010692830491793
-0.00714430081714466
0.006610097936988424
0.032001568761221684
-0.007021335111429031
0.02236938925012052
0.0026292376861125374
1.7162851846027737E-4
0.007421454659406182
0.004148266621453539
0.010576962664821757
-0.001567827346663608
-0.009797645643481382
0.009882931218221935
-0.0022258453515026986
0.013649151733179071
0.02897701909326088
0.024024104373420684
0.0047950869906561566
-0.018656655107444235
-0.01573684218289245
-0.011322996620168023
0.007062371651996212
0.026058602250464958
0.014420939824932788
-0.012623267811672521
-0.010917093007942228
-0.013589494097552222
-0.019690024227132234
-0.013439422499798582
-0.012849629100151022
-0.015264033669082274
-0.01709542193286355
-0.01586873870906298
-0.008688594224807925
-0.020238504257522296
-0.012845901012994263
-0.01285713066207121
-0.0075531932526874054
-6.723233019795762E-4
0.010173106332352149
0.004455798485859071
-0.025113306642219054
-0.018181113581279395
-0.01628309336117146
-0.04958101117462093
-0.014536716610703193
-0.01645734137745657
-0.010316460735570163
-0.020139269357338268
-0.019751110658403726
-0.015406599763490915
-0.0225038745487155
-0.015490795309301796
-0.030749260042419894
-0.01947099061607075
-0.021486726947600055
-0.015569566155379898
-0.005065861859500188
-0.006150348965206106
-0.0037283207685379935
0.004512224886965194
0.019739844484957417
0.018718841062220295
0.027123629006693312
0.015112514243852264
-0.005953331778359909
-0.009360158793606271
-0.008755398188232483
-0.019408114637106212
-0.02221116852900139
-0.11705917631266148
-0.01923238923108127
-0.023367004800541165
-0.021542502811048928
-0.024666540386408958
-0.01877195316664935
-0.01761348659664559
-0.007513606865552341
-0.007094503053825502
-0.008698375196275355
-0.0074540281598461065
-0.009915794425538194
-0.010903555233575708
0.0024970311013731835
0.017314534350896783
0.03398568588510118
0.013259815641054199
0.0382236329712903
0.02988746422402935
0.026024469288498397
0.027701755285851063
-9.746361415138762E-4
-0.005850492630616835
-0.014516525736732564
-0.017422489589800257
-0.024558465878016734
-0.010334171541132399
-0.011487025925459606
-0.0269162172489498
-0.005511967877569211
0.0038774717311863926
0.023255690182575794
0.04324778921453983
-0.0032722462883971264
-0.002690309814118277
-0.0018573402634412812
-0.009828490210771501
-0.015435427708188275
-0.02706219890695624
-0.01854068586087256
-0.027595816254278694
-0.019940792450747806
-0.02230211698582055
-0.021717733926020603
-0.022991061046777356
-0.044082031022192776
-0.02999159337811317
-0.02117135791809608
-0.018565584339852375
-0.020668850615430848
-0.029449330417868444
-0.020224080510615004
-0.017502489121749218
-0.024152920330077703
-0.018189096299757006
0.0010291342725738063
-0.015289701546608444
-5.680877124246858E-4
0.014522182752378723
0.024721123071734356
0.009481839262382543
0.035589859191056956
0.01597126034526684
-0.011236477839571412
-0.012497158723163116
-0.01722374706818362
-0.01756550230396629
-0.02849320386189793
-0.013812390244812707
-0.01769718663071315
-0.015278123243279857
-0.02721195154288352
-0.021806194864913416
-0.016284060068708885
-0.029798759604702026
-0.02069591476536411
-0.019885240281397112
-0.026051035718416913
-0.017827848793372944
-0.014425963076914123
-0.014325639901667244
-0.021836059220991934
-0.014464164553596814
0.030730966360511654
0.0175716430059477
0.020250827592422055
0.02337111417592784
0.0489469560766653
0.03912431791256826
0.010245484036162664
0.023685688969952306
0.022736692978852065
0.050424103380083206
0.022553774134499858
-1.747078322509232E-5
-0.006694401658989917
-0.013890418611196524
-0.012913834137729724
-0.017065820437690706
-0.015723203257844355
-0.02007167146385796
-0.01559743407163599
7.397594733953385E-4
0.007716588308466558
-0.006979620047479778
0.024251519198050967
0.007853823464438282
0.010186586762516022
0.007175788536492426
0.01990880833503849
0.028727857651880868
0.0299971790539513
0.024877653416522153
0.02617168044210406
0.012594492867600775
-0.00503318582061596
-0.008107895912733398
-0.009858545026770712
-0.005702613740804045
-0.01825590619273145
-0.004099846932398265
-0.0020183811711507464
-0.003281142736428038
-0.017881635892798817
-7.918319259432203E-5
0.010538488312351827
0.032904515866088994
0.003894709448575325
0.0016059174407873932
-0.006946416327417292
-0.002308597515933298
0.016050978741399557
0.0057154549987087355
-0.0062981781666474005
0.006744386683565105
0.02306323494484872
0.01768562233522657
0.01416498093896119
0.01552666834418658
0.04517331221253519
0.046026483818249836
0.054198401809272
0.05338593580800815
0.04520140761939436
-0.01985265421931483
0.01975818984936674
0.003931269998310217
-0.005474674989528099
0.01087093951712488
4.6449827776820886E-4
0.01587231346809529
0.04960095506522948
0.015092371641940834
-0.0018624665095429136
0.004342695373688861
-0.0028242012413904967
0.0364309287868954
-4.0219411543950586E-4
8.182306779566037E-4
-0.0012663095424011845
-0.004534497798503212
0.0137336071645288
-0.0059562939917467105
-0.007824531991413752
0.012214069715379122
0.046360424247103904
0.04945650660481342
0.008224234566310048
-0.012166798409779415
-0.0103743203830568
-0.008352393059922728
-0.00732429854981244
-0.010368595155334328
-0.009183266333264689
-0.012209687258937913
-0.013233151290482461
-0.010406099061525148
0.012494752384391388
0.009372353074397018
-0.0026211649626157406
-0.012071282193084327
0.003341236905745928
-0.001569698991471241
-0.005770418606058552
-0.019957660132114644
-0.0146594098999335
-0.014200400430121171
0.007821299593338585
0.015523716079912712
0.005338564020478184
6.230151777768976E-4
0.017477459273651536
0.011516400125846461
0.008058856378275856
0.011843671404211737
0.01463210933014207
0.013972026993050416
-0.0027547325619083703
-0.009952519754763136
-0.009396721559625624
-0.005258898290811734
-0.0094472711255315
0.008263627329916444
-0.008308719388345239
-0.014533042375324648
-0.005619953193023077
-0.009150867634961044
0.007799820179134774
0.001496452373815844
-0.01325727228864306
-0.016030955326567824
0.0030758870198164053
-1.973537504712207E-4
0.005427873578274207
0.007233237356476704
0.0029385773171502435
0.016141937860462398
0.0132911667237203
0.0051520717401616805
-0.013290331155622977
-0.011456213241567762
-0.004856868443259778
-0.012056111695840411
-0.0072370087517948135
-0.0034018178979737432
-0.015282373902016177
-0.022571606593175718
-0.012571064786810577
-0.0069320195842520384
-0.017375685655017813
-0.005377497223154223
0.023896256012290205
0.04846805847037653
0.04195570010695688
0.003377055242916988
-0.008163617271973457
-0.01542309393316454
-0.008873143051092797
-0.020747413027423063
-0.027901939113652043
-0.02491156648428019
-0.013549813302959094
-0.017308166864402886
-0.020667305929073853
-0.018503169803368035
-0.021835728579139672
-0.02116701688733023
-0.0188552520355262
-0.02160347268228121
-0.0167087269537973
-0.016281518069005206
-0.018354564791217977
-0.019247125928600384
-0.08769218588938378
-0.024502460502095
-0.020327376867609933
-0.023652208606091178
-0.023649622536576886
-0.0185947936173415
-0.021107490239896384
-0.014974738006843803
-0.01948426918433071
-0.008815124955180189
-0.005610556987585658
-2.566231677511989E-4
0.021585882046088647
0.042673416462394705
0.053152135262537814
0.023486660614622804
0.0033406664692265694
0.02238251966763579
0.03800511148190224
0.007585614327204148
0.018436926493966294
0.02136222499997403
0.031373892323555364
0.01995550661278695
-7.969172765711734E-4
0.01449995223339922
-0.00863409490225368
-0.017763837625949925
0.0022382835101514434
0.011776763223949292
0.010794715157119087
-0.00574301495645058
-0.0030674027832889137
-0.006601748166017355
0.012156807775756347
0.020943445778829187
0.02453714356383029
0.048552868369985715
0.04497335520136889
0.013583183728406958
0.00808939674231285
-0.01998676119483157
-0.0031042754359669055
0.005970516932005102
0.015203465970577748
0.039914474579806444
0.03022014527897624
0.022741387425550222
0.02957003690806951
0.04441118557422861
0.05298249070156708
0.023883425006653015
-0.0014664116684341044
-0.0036847776907764575
-0.015137051761485451
-0.010671357158841814
-0.014028969686250508
-0.018077227086730006
-0.02205362877416084
-0.02410816305056228
-0.021863045533591956
-0.022040363111860653
-0.019560268025839326
-0.02473851446177383
-0.02837252933887203
-0.019437658681553064
-0.028851926340255997
-0.03046948179814979
-0.01737239785417196
-0.016651108381609183
-0.018498417510322676
-0.027098918818528155
-0.020707266478577402
-0.01757859996571377
-0.022546818116477213
-0.012457449005689795
-0.020422018643855927
-0.016333199573007384
-0.022617674269772816
-0.006858805502021949
-0.016758308431702378
0.02183321637098114
0.01862492130768508
-0.0038897345371087812
0.0017800561517248184
-0.0010013815355034966
0.0023422563438402723
-0.006486808772456923
0.034219229587212324
0.014500596661589845
0.004894574999169126
0.009484563412878727
0.017249018370803268
0.011475188164311255
0.02353036655192653
0.016203558058371592
-0.001670836046687082
8.451524373952876E-4
-0.004734351857050902
0.004780965602488779
-0.006334467559728767
0.015904478268912094
0.024592777418648668
-0.00629361303912615
0.0028825516248355515
0.006349307559234329
0.007635478794390362
-0.0015655960423688977
0.010430929044585764
-0.0018510920996326068
0.011993684052817253
0.021394036836470433
0.015275576987052591
-0.0065593994702944705
-0.019827581349166568
-0.013012038261176721
-0.011092141937549814
-0.0057330701697265105
-0.00645890707977057
-0.015970438716433822
-0.012963776728873269
-0.026981788000484334
-0.01907132818494858
-0.01581755555348718
-0.013704647211420234
-0.018793476780964356
-0.018606696323712812
-0.01670306241742436
-0.015997079105499447
-0.010449183673580211
-0.009857535071349906
-0.025478427865776632
-0.018782004579596133
-0.019084572513870857
-0.018531278212419535
-0.017129965111229876
-0.017723163724830456
-0.01090662217678098
-0.01999840725356227
-0.019235397532141697
-0.014489111705805973
-0.016176409096922223
-0.007732970969170222
-0.0069701909809283084
0.013576443577437076
0.01942120965228134
-0.009904089021328078
-3.605934037216002E-4
0.011447576152532522
0.015134281548512233
-0.0011475476356973577
0.018839849449074225
0.027861207072619437
0.030926763631409643
0.0351763292068568
0.028492460451347686
0.02718489792332529
0.02976935771210675
0.009418835783767072
-0.006446771596467952
-0.07167645781221912
-0.0060858784342647
0.003351382006208902
0.006374060585032769
4.703444582282055E-5
0.0027268039873974514
6.051226938525345E-4
-0.006928332444788585
0.0027720331310836267
0.03330199088247053
0.01557529089765146
0.023124554598369148
0.030277513199966202
0.005712326950857058
0.004320296339153742
0.03459573528011906
0.011882881837642856
-0.0043752517320810695
0.006231021828675579
0.013748816078269359
0.03482935511956163
0.030775294648049244
0.030342268723794863
-0.002215262677505422
-0.009646506577988918
-0.013220476702840938
0.005551880476737681
0.0162786116923313
0.008199683686054548
0.033170802570090856
0.04068954531294643
0.027488104612009824
0.04361542819273898
0.028015164679592894
0.0045575419699752494
0.035293501272563504
0.03137506646504933
0.003188182645834716
0.035326796775823226
0.03653080556784978
0.04392725980335896
0.03576139284815785
0.009660138258047351
0.003016819453524714
0.0010469299046644172
0.009161695608399377
-0.006124301125445892
0.010079966346380151
0.03279480114437077
0.0409126413466236
0.02121936961481564
0.029488081344262073
0.021233978192590246
-0.008035722233500733
-0.011759992694084804
-0.007037517605841134
-0.0037931704850683915
-0.00422008640102922
-0.01977950429378565
-0.02063557603299611
-0.019187875022587484
-0.021727302193525123
-0.016271242598147852
-0.024630240693595214
-0.016381750773301666
-0.007730761492971364
-0.016649208652696725
-0.008156305831323854
0.006291004890495005
0.039682417688713965
0.03707285201780119
0.01672120599476844
0.017240727584919024
0.028446163097281596
0.014708770285263201
-1.7765669842147733E-4
0.010155317328679178
-0.002020811653005904
0.012808397171117989
0.028608079704534474
0.04993888972367078
0.045968789115380375
0.03124558354276311
-0.01088840181548066
-0.006267317529232265
-0.0038976779611110198
-0.008922453725744479
-0.012133412477721348
0.0038161747311519787
-0.017579640801903856
-0.0069052003072956475
9.183740948544761E-4
0.01928868583588156
0.01653139264449823
0.026394963152142823
0.008173354847520239
0.021927264898278287
0.03311241663337441
0.038101192060431485
0.0042479166692258865
0.003259046520349777
0.014225871598205904
0.011017118119483596
0.020433753690984734
0.014415185271819073
-0.0030451002120014804
-0.0030965420914320107
0.014897191556922406
0.040639560487126775
0.0193099142206785
0.046470934587627535
0.02011003317395365
0.0022470100552760596
-0.01817407821110142
-0.01463866252346367
-0.008084416714566516
-0.01320415190012353
-0.005511703850852577
-4.69840809310465E-5
0.04141562679822949
0.04817226067921138
0.043108689011918805
0.04676008377582803
0.03632390412083491
0.006041234608933445
0.0060827812732325535
0.013852082684400907
0.028952066127172788
0.024902835734473827
0.013936079965275832
-0.0010725082358867262
-0.009210718210937082
-0.01890845899920746
-0.0010991035076674022
-0.013529637416584804
-0.006757354761034251
-0.020941623842020328
0.0131509854398349
0.015572552658461785
0.004089012657786121
0.012057889865623518
0.035064279231052875
0.039139785330230256
0.01076908682239104
-0.00686881548994211
0.002844500125389531
0.0036613119859734045
0.0015959204102458
0.008833178512465718
0.01130104372065494
0.014111031992878893
-0.006151817373168989
-0.006535590431076765
-0.02079332743594793
-0.01187084888965214
-0.0117236229360015
-0.013328558710513175
-0.022602588560278296
-0.015309004781073337
-0.013495242439412634
0.0020389153384503906
-0.005728447751768123
-0.009511370528380737
0.004144930474445015
0.043276678303091155
0.029661604698717887
0.005351884805644261
-0.011514759598742682
-0.011233005497394628
-0.0080685781644762
-0.009416201949888754
-0.018772980840469966
-0.014518659965460574
-0.017275986243256415
-0.014689667499036154
-0.011849755758845688
0.002020879395635507
-0.005726610439429725
5.911438345729127E-4
0.009501662163436382
-0.0011920092792030395
0.016400035188165723
0.02046899380392099
0.007108606687764096
0.02340418410573428
0.004115694421924812
-0.016298112771251663
-0.010147039017022862
-0.01696927658036801
-0.12004573352053553
-0.024280908116632614
-0.014305605825153245
-0.015024484013415813
-0.01690899841634299
-0.012076832723153753
-0.01596964639783311
-0.019465812130625086
-0.014108842669355784
-0.018816673477950907
-0.01533731048360641
-0.03659552077473425
-0.01336721465943143
-0.017837120978569647
-0.003321696733416885
-0.004367336843605244
0.013333427736841633
0.005550877209047669
-0.014462217238811166
-0.006266155848685518
-0.016043473529268663
-0.01696687448863972
-0.01826953314708317
-0.00833205778689832
-0.017900185771196942
0.00998871580841035
0.030134936376062058
0.011320875589612029
0.010039723831829599
0.0027531470388659327
-4.372742228017706E-4
-5.614285341541559E-4
0.029654379247579077
0.017148686950355364
-0.0031973671975899774
-0.006593366972787477
-0.003649059673339327
-0.008392990583268244
-0.0252876969025758
-0.0063940016734151395
-0.0034631045933589725
-0.017576103993801516
-0.006057549472964477
-0.019083962175896623
-0.016708810660359296
-0.019578065959179013
-9.22968548220375E-4
-0.01514554531313929
-0.018134973753302173
-0.02398108261159711
0.0033216151614871635
-0.009505664482343475
-0.013304871307493854
0.0065278185474513545
-0.017986912337085628
-0.016186792174117778
-0.018924464396066414
-0.019759144133655763
-0.01575531361826087
-0.010682363646276748
-0.011418077234523177
-0.02097636891502054
-0.01680643199939673
-0.016305513509370994
-0.016034551869279344
-0.04237457753451491
-0.017369565466656488
-0.015371173962820757
-0.022284482611741464
-0.013189172298400708
-0.02146247003982395
-0.0037526299739342127
0.006163526851161172
0.007572299817911415
0.014685902333370237
-0.002185932075725414
-0.004541833453551695
-0.015026639229388577
-0.011984166112477317
-0.025292849506300976
-0.012339021682353239
-0.015607380203939007
-0.0046145739684387895
-0.0020554542356987387
-0.004131132149167988
-0.006544808889163719
-0.008307360891411965
-0.011989052471021446
-0.02536123284890007
-0.012683230406071236
-0.008371549389815157
-0.015255681207606729
-0.013070411677489987
-0.015639864102700313
-0.02315230036119115
-0.0200598771581304
-0.015960089107722085
-0.020193695070912388
-0.015392809602796141
0.020619435967910302
-0.01738800111928983
-0.01502458349489852
-0.017787343481195754
-0.013841577586475964
-0.018957791527042137
-0.009605318214303231
-0.016029184059965524
-0.009459189405519212
-0.001063442995448941
-0.01255937247057252
-0.02014230060398405
0.002196977784850132
-0.008787779276464198
-6.016908005641469E-4
0.013937810210341834
0.014439801391843768
0.006612012768474064
-0.0044137362481833295
0.001890750877826234
0.001952043003768929
-0.009132267284061574
0.001748658128249182
0.010017999198375743
0.013708021936561905
0.02647951572037902
0.019956282014675593
0.014696052701534857
6.48412492333219E-4
-0.018210315068077285
-0.009778640418376663
-0.017356900097347618
0.0013921231363361191
-0.011947686361149366
0.013522574184552032
0.018120723814583812
-0.0030490369711858594
0.008079642345445648
0.0149680785635333
0.021597901285477294
0.02410647020135977
0.020050297802089657
-0.0020829435436940558
-0.003607743656493884
0.027780264720410612
0.012480371140721699
0.014336269998624971
0.011587966761132634
-4.874754071575631E-4
-0.006544137288915499
0.009020172346129103
0.006357418967388555
0.02175181735857051
0.026754243201885575
0.03533255139354547
0.03885630214235657
0.022448697622725982
0.022354686015748575
0.0034282435253484987
-0.015865471596006
-0.01646638569080976
-0.013532049489415348
-0.013372307744101834
-0.020092722253029098
-0.017583682966933765
-0.023562500848899368
-0.015432028322032871
-0.01432361850706912
-0.01211655444614694
-0.01618629032337638
-0.022158318796382716
-0.0222053877580749
-0.02251135960023063
-0.015140552222431729
-0.017696754689975266
-0.013961212085834647
-0.015741194902275914
-0.015172728592002088
-0.01933093055677529
-0.02393174365711915
-0.021810013802893005
-0.030113983944057753
-0.01181529133495382
0.012413562727117874
0.008401113074653332
0.01475151287285258
0.002026044090858782
0.003453292293444928
0.017728672162244337
-0.005291403867873615
-0.016794869211405637
-0.005733036339429965
-4.6030627320523074E-5
0.004409472629847504
-9.568623329654345E-4
-0.0028998724623536675
0.0060922021402191814
-0.0023945804357003273
0.021281591074099365
0.005614025301655216
-0.00785340907814785
-0.016372012104159415
-0.019224066492860303
-0.018314896779836082
-0.01811351834776768
-0.023964209041366723
-0.019690200503909884
-0.0189691769962694
-0.010274077912587038
-0.023509216623812508
-0.02129756827605603
-0.015896239202124882
-0.017635888199357113
-0.014302999749310265
-0.01743046893790275
-0.01747788925941261
-0.04082800383456397
-0.016045841216912805
-0.010037767652406967
-0.009555463000324204
0.02480608503086467
0.0376014787267119
0.038663641332305175
0.026681433100191134
-0.004492517052969004
-7.699046001486023E-4
-0.012408401753439451
-0.006422112460455027
-0.011677973720581394
-0.023724650059296377
-0.024341899532323134
-0.023567418346202466
-0.021308923435145267
-0.022991575439139524
-0.01706607245485515
-0.02964149336944987
-0.016279360164267925
-0.01122804391011107
-0.013381613677800755
-0.014647691694001841
-0.009483409178639319
-0.015541012223173905
-0.01949435264635158
-0.015339591947285404
-0.01921755803620206
-0.02353807076624177
-0.019066882084296816
-0.013697113205140063
-0.011862899039245296
-0.01327118231671656
-0.0158386458087915
-0.012796047756251056
-0.01583949895712419
-0.04065892619826948
-0.008224229030520117
-0.00953760083930782
-0.00772050317119073
-0.010687440290500505
-0.008922737771862014
-0.01593427885448359
0.007183606627096157
0.010062970262608559
0.00695187223115382
-0.014029817447939541
-0.01413512515254202
-0.017808466606018834
-0.012670538408071178
-0.01583631425514955
-0.02493652044899014
-0.023560556891186062
-0.011858420030957046
-0.014745773233166762
-0.011290376745628583
-0.016461224544566666
-0.01588783285373931
-0.018163572664943756
-0.010384376574181581
-0.010926745796208644
-0.013062599360561892
-0.010258905899218195
0.014136761179891134
0.01117404571284139
0.008172562204544487
-0.00571767650393353
0.002364100209940308
-0.00559387398312289
0.0029092280558103627
-0.004677494369720007
0.01577108608817691
0.008372121957807316
-0.007568538674322835
0.0014900538343107373
-0.001374154295851583
-0.010358138237657882
-0.012824988348056001
-9.369774072844031E-4
3.214624646661296E-4
-2.7667256855364985E-4
-0.0040903766461672444
0.0017445834211463722
-0.005498868709193
-0.003953216065266871
-0.012993233981919547
-0.010782425874246302
-0.015756803522092605
-0.02430685810007293
-0.007496780766961177
-0.01665655531680798
-0.017062331801415316
-0.0014585577782886198
0.031778035664316286
0.018275668247853507
0.02562119467523055
0.013781665426073675
0.012244938549975463
0.013285200202713381
0.01676797281531946
0.0066256915348746614
0.01003197105578823
-0.0029577398185023115
0.01195875753675554
-0.014096404088053864
-0.013174673731466231
-0.017811603833850356
-0.015629864213185646
-0.01574612884006474
-0.01291794168440496
-0.007759532525444824
-0.01084757292233556
-0.011057911936294266
-0.006371914380895993
0.01873673665090169
0.024068685452194174
0.018739921081327795
0.022258764895018494
0.0025969437655028213
-8.99539049721385E-4
-0.003620306466123976
0.002250364121545571
0.0323659150243212
0.031328786059820875
0.03343887198587324
0.02418747929062509
0.02685155510119455
0.023436550522893663
-5.80557764095619E-4
-0.0057745738544480694
-0.0022614957542892674
-0.0032754830416490094
0.008099450071871192
0.021654202360332317
0.011634998494867953
0.009800701567803894
0.011631987209667516
0.011752718952856405
0.002176515260441934
0.016638845382571873
0.018196362701762423
0.0027751699542452996
0.008803898571651692
0.009145213183464375
-0.007161713971818674
-0.01475157314660183
-0.015969248612228044
5.4647724618025854E-5
-0.01311163645012991
-0.016808634460195444
-0.011541175810769138
-0.016826913266597028
-0.008299804739687094
-0.015648406921550215
-0.01140282433477085
-0.008648526757045697
-0.01454755862991162
-0.00707280808450462
-0.005806329729399262
0.005373073917594387
0.02311877595845118
0.021998307576683224
8.481007775081339E-4
-0.001324297186420118
-0.006271918968506811
-0.005477627904173369
-0.010872759491042647
-0.004573649095810196
-0.008796945846972895
-0.0014816507029492654
4.3367644918280166E-4
0.004371573518947525
-0.011638874955592788
-0.002413603611029163
-0.008048174778181703
-0.002552456682929967
-0.012051553320774976
-0.019279182933563708
-0.0024079440237804567
0.008185148540037337
0.0041611720554448
0.004789889662714018
-7.085695855500967E-4
0.015737782687790348
0.024545505054065574
0.03403449836883078
0.04272178550056535
0.02261035104534232
0.017467989786321258
0.016714389223032936
0.022134313905391684
0.027724200700293522
0.03211771907995134
0.01935623659418186
0.016879998323370973
0.012554848756762592
0.006455832091947776
0.018753712733549643
0.022630693072034105
-0.0026886083410406028
-0.023094891047116754
-0.0035209172045322728
0.0024696878241857673
0.00148621252864815
0.0040020892897837355
0.02481496853931094
0.008676578015599474
-0.005081657046373261
-0.010711739986228841
-0.0034965564942780404
0.009507926900905603
0.019640870871415226
0.02107218942238846
0.018873982576852372
0.013937825451082199
0.019531908582746615
0.021619305685295166
0.005971833208128538
-0.0013019870678640144
-0.012101881798698406
3.909662065198875E-5
0.0030024678644337385
0.004536460472452332
-0.004133834972894854
0.0019160642425202746
-0.0011172176259681998
-0.008785080159119357
-0.010248006908499556
-7.759568802708007E-4
0.008560622235895217
-0.002491320675150965
0.010732437504338797
0.004647093106307024
0.00242210914743945
-0.009295154804718974
-0.005780809193818801
-3.649456359131032E-4
-0.008657299026994887
-0.0068741110733233895
-0.0012919174256633766
-0.0010961931710077202
0.0013502938645335502
-0.0013816769631617245
-0.012720732690467283
-0.007927872445213967
0.001362168069346437
-0.009464722521965835
-0.011159159371997372
0.0021573150127912584
-0.01765363706183373
0.009560526246530834
-0.036528096550134545
0.0012760121738247634
0.0039814376233074395
0.004997613384767003
-0.007608354569031847
0.013796201660741674
0.0071045176911783
-0.009929168935909739
-0.014614698099736515
0.001118079641397113
-0.009948865892713364
-0.00308522098198714
-0.008489953545500672
-0.007795727156268258
-0.00667798173790537
-0.008110551353748063
-0.0026358233037476852
0.006853696081568373
0.01188399002323083
0.0032666360052294946
0.007899165475776328
0.003653140809539974
-0.01172061340236061
-0.007564512024109127
-0.01252234467245844
-0.010619238320912971
-0.013431861867490102
-0.01514979192202725
-0.006778196138055262
-0.010471571727575485
-0.012741599498479214
-0.005810062927976065
-0.011874739641106954
-0.009801627180772893
0.001298578770390966
-1.2954237522343377E-4
-0.0014740248793853393
0.0032138108065972422
0.005968334311051212
0.014685564546693397
0.020487245551569166
0.0138026873949611
0.009740691747402904
0.005816990603739258
-0.0026874567029487426
-0.0010984157098230959
-0.002756779265473524
-0.008663180458826702
0.0015246033496177428
0.010428677331189701
-0.008185361176330825
-0.008258026037426465
-0.01097992609485072
-0.006379029046874072
-0.0074319259440763785
-0.00367869423931584
-0.0073593526168804525
-0.007143220864231935
-0.01152200341064651
-0.009104124823528723
-0.0054096873117062665
-0.006934903853806735
-0.005319338257081007
-0.008573531051448197
-0.006339763510168161
0.001707208879169594
0.00887425330150502
-0.0026970615563395657
-0.027303897891636193
-0.009651166163996472
-0.006794776062623116
-0.007844308869849968
-0.013920662162228288
-0.005290107515023476
-0.00494988742987916
-0.007117754538160369
-0.008422498550418012
-0.014924425082225119
-0.00682104421644111
-0.006041422391168803
-0.0034445450318922742
0.01389114082886626
0.010974955742940834
0.009785101034251968
-0.005963354975881692
-0.0015271150856200895
0.005369029096278868
-0.005980519327785096
-0.011570271263080308
-0.007908315778597822
-0.007896698482219244
-0.0018150985527888562
-0.006586887511001694
-0.010925594947290328
-0.012322795610842973
-0.001729446034706221
-0.009348496744335435
-0.011124192424305453
-0.009939044526425888
0.004655135675498105
0.020771872254665705
-0.002971789566691222
-0.004743623259605069
-0.005833838549681119
0.0022282291306219607
-0.005859072757127642
0.007526812949170413
1.5774470852792603E-5
-0.011419320194575791
-0.009021913166726379
-0.007267490211802336
-0.011519851860850082
-0.010725328199222424
-0.0041167996298400195
0.00399044487056098
-0.004257895906856764
-0.006883936485073764
-0.003866903707211163
0.010090365758889377
0.029046707238830148
0.011521157884697028
0.010104289704957588
0.016663575982508127
-0.0043349730107775306
-0.0025303569258278828
-0.005969236401044575
0.00356330316451473
0.005958247748964569
0.011346224031873372
0.0043060103901802725
0.0035709953749196188
6.116522261961398E-4
0.013475002281958956
0.018604958294954586
0.02127794865092538
0.013499891504476282
0.008012813447475162
0.010091767030169478
0.025000412172611737
0.02673500540360953
0.020145564736565924
0.015541597240487157
-0.0017702826632381174
-0.0047541795824782105
-0.006379078900511119
-0.0027166809720360397
-0.004996261720989947
-0.01075169885188812
-0.0054297161274848415
-0.04482828845303085
-0.018385760603552185
-0.009740678955868996
-0.010044429696063072
-0.008154556661121248
-0.012875120070711598
-0.007621529551365601
-0.011934109342725614
-0.002315958711907515
-0.011333754091548924
-0.006045326831886829
-0.01089996792817869
-0.00491527730334706
-0.007360419454321046
-0.005532525250535502
9.884388655526924E-5
0.01723234977673174
0.010435487057693938
0.008538200946362165
NaN
