0.1107986067479438
-0.011389671422003807
-0.016754390535784855
0.030926710972240666
-0.00909927886926682
-0.01285437689391675
0.010828174240855228
-0.016790261867593588
-0.015330249734529601
0.001083031244140784
0.0346855839439043
0.007005624835001279
-0.03343691144288372
-0.02413355650980026
-0.0212630046959148
-0.0038123872766578026
0.11672636294787482
-0.009824373043295555
-0.008435248862976742
-0.0030345182646743457
-0.0070331662653277255
-1.721177223234496E-4
-6.028490084009682E-5
-0.015858666075691655
0.03353744497541965
0.0010569527080082622
-7.254401748592525E-4
-0.003975701603556011
0.0073886335412586815
-0.010895917831611283
0.016161030481180907
-0.012310926903162194
0.03317990561230512
0.009454184062182545
NaN
0.0036788660164269937
-0.008916265787449681
0.06177619879315978
0.016995059794055654
-0.015830355934124837
-0.027545335139062037
-0.008574566843470726
-0.012580014191232579
-0.0264670718073463
-0.006311209503359332
-0.01013437593054483
6.869835982913873E-4
0.0020437950569851416
-0.024081485609016587
-0.02603707773483004
-0.026278631580977548
-0.002077259378069914
-0.02209970709678266
0.03004543324363084
-0.007960602953487337
0.032586737886257405
-0.013720200165284083
-0.013778171064167632
-0.03703633181775
-0.026729592196914245
-0.02446873730370475
-0.03567878252700765
-0.01316443511414515
-0.023926903210450035
-0.033925504998929976
0.03127413090016619
-0.023311993044152244
-0.034814964538608204
-0.01407710837947063
0.002247257441744358
-0.017286965453457318
-0.017380465683997485
-0.006365969631557582
0.012688327311724808
0.003791535349421318
0.01343875635474523
0.005647171295702574
0.00910410155029185
-0.0014592790648681694
0.005808639518617158
-0.005903205506833006
0.0056991966061963025
-0.006989550524454897
-0.0034951716655756914
-6.007335976166471E-4
-0.014713412470395457
4.6782934368360014E-5
0.004965719263548821
-0.002425322763453088
0.002886623156845695
0.0011340487146680638
0.006963513259483629
0.009316905545055525
0.02722009942515812
0.008503687920467174
-0.0127385470266347
-0.0031034142073051866
-0.020327655287378458
-0.021074680486521957
-0.007967461785131611
-0.02472007425399085
-0.017605355433478184
-0.026756059498346387
-0.021422593361284038
-0.01504557435951297
0.0017263765772399598
-0.017231148735182198
-0.016524773481574277
-0.032963528736165065
-0.017493426293963513
9.215447486686772E-4
-0.008517111962316835
-0.013203202765342707
-0.02305168045526343
-0.020430024882359205
0.007811000862847378
0.1167212222127849
0.02293792625312014
-0.031937153142034665
-0.02969073288264817
-0.028300117189821564
-0.022809516445414606
-0.032274104458801245
-0.014100768898594143
-0.028936107036014874
-0.00790772656385916
-0.019440209584111794
NaN
-0.007023124115180041
-0.008112856193541823
-0.031131739799664607
-0.01703926375168973
-0.018119022510319722
-0.013906656670041949
-0.015128746554158974
-0.012013118638938149
-0.007963196445999342
-0.004793938078111648
-0.01891061001556014
-0.01676111129787719
-0.014691219491376032
-0.020990344899475103
-0.02268099688618334
-0.00551616945429462
0.015079807523136046
0.1143766183977682
0.007528230934839898
0.020845418944948634
-0.0043729265324459225
-0.022173206694067926
-0.014772029206677504
0.008822625397634523
-0.01299331289025912
-0.026770711100250075
-0.048462573458338654
-0.032320000469227214
-0.017863039667266552
-0.0021665797557823578
-0.02369850847327795
-0.04081971577953322
-0.022404087838115223
-0.021303583554260628
-0.01692316326863853
-0.014594112477111006
-0.03494943192034557
-0.04144924612843336
-0.015850418045785353
0.00222713009253378
0.016850634122907097
0.015446848955539987
0.019544636282680883
0.02193858873211483
0.01587799648463627
0.012514228113330556
0.011575582935178581
0.01414104821342688
0.0221172854440355
0.01713725042805239
0.013922593678405475
0.027554475034846135
0.01968781359853522
0.009195932638436242
0.012454918775567324
0.004726480351454899
0.003516704590761667
-0.017272895649728014
-0.027773202051617495
-0.013479104803798946
-0.014566800757027352
-0.0114651903801327
-0.026158115418134356
-0.0192918694558125
-0.009476056117409638
-0.005408380592297344
0.006341723101461896
0.006981394588702036
-0.022638080353089222
-0.017688107633376002
-0.004475840546603781
-0.004659927082975507
-0.006862018934904603
-0.005633854089727787
-0.011772262718832215
-0.010134669340286211
5.436556750430949E-4
-0.005419706848702934
-0.0011886407042372656
0.0018143299348316677
-0.002930288969180523
-0.014428451117841294
0.0014516379198148046
-0.0023502203864137917
-0.015080771135478906
-0.012669868318351422
-0.008406333967068361
-1.857197085042301E-4
0.008494841225020647
0.006911615218010488
0.018819708101773937
0.013990977671104167
0.02910445181082856
0.011598706087227188
0.023954754776001768
0.0013246830856101172
NaN
0.11672733687413497
NaN
0.11356663731448971
0.09607918367635801
NaN
0.01983475239009362
0.02299347680496232
0.01620448472898335
0.017314713958787427
0.011498769107745305
0.007152119570067368
0.016417743513655627
0.010203808438323095
0.005037567030807413
0.0017273653368644112
0.007598453650512624
0.01159168434232441
0.011174331895679363
0.01309496746596089
0.011179613393857504
0.019824910157354318
0.01627805312015823
0.016424652960279118
0.010309221655871163
0.014122064206056786
-0.01880120571988267
-0.013425721321571032
-0.026873908762030708
-0.026159962696127057
-0.025058895084236584
-0.026125868131619375
-0.011203013344575637
-0.007520240064261392
-0.019838683080161318
4.7369623201769066E-4
2.899779901333185E-4
0.006965358669806511
0.002021108888803533
-0.01900444345880642
-0.020640954224908376
-0.0030002934591560307
0.009287287345338152
0.0031336422962864093
0.004480001958451225
-0.0052157479799598404
-0.012023770983677908
0.011335884135910013
0.01120062613931267
0.012329480972173072
0.005824114122035103
-0.013423900820154787
-0.016591440078143255
-2.640999899044304E-4
0.014658054645546075
0.01545305432930007
0.004069642146050815
0.003375575475227156
0.006487124301827493
0.006235381501936769
0.03606387674654602
-7.566436774344458E-4
-0.007917552597165003
-0.013134181408639985
0.004071014524893926
0.010023050062814287
-0.00971369652947731
-0.00904788099268583
0.004907849310239787
0.006518129065948719
-0.012579836115416177
0.0053811209252415315
0.014110562119158256
0.018728022320207014
0.016538867321186118
0.02887143143676614
0.02619238730880343
0.011942065717337351
0.030587511359220963
0.023464448214558987
0.013383952114852962
0.014125817652700413
0.016706058043237448
0.0046702518201738015
0.029443063788825115
0.017660990940032102
0.03264402174744993
0.02708222980662449
0.012323492064716612
-0.009606615988675148
-0.006554870348698421
0.018193485040040192
-0.01644319536760609
0.00674084110544975
0.005767321732392747
0.015088748316009433
-0.007528152467960103
-0.011025134812713545
-0.0012531182403226035
0.005850559290784042
0.005419204370523429
0.004376869867457773
-3.1525219529537647E-4
-0.02120452660203827
-0.03308478687109316
-0.00223761601058861
0.0017269858689916038
-5.334029833780401E-4
-0.00557518999890129
-0.019360299838937542
-0.019387939623942276
-0.03151564277709454
-0.03439402762031099
-0.026095653289706693
-0.04976660980899945
-0.04346208765528367
-0.04360037756445174
-0.029458599742855123
-0.026956883143375635
0.0056099785756316455
-0.003269600949612476
-0.03820603410999821
-0.04238673535709895
-0.024695259700003094
-0.014576876186633354
-0.007492107728075964
0.008571622394391083
0.0021214496404649546
-0.009962597884201466
-0.01690542773669737
-0.019965450750744275
-0.01303070082433488
-0.02051976338352541
-0.004741565454723843
-0.009832907784149395
-0.010159378633202341
-0.005304774049977904
-0.007798577341756264
0.005646032762036928
0.002867203834156444
0.0041864164566488464
0.006195784883943783
-0.010670122524660108
-0.01521322367990718
-0.04543955196380836
-0.038694102277016716
-0.004152142186030994
-0.005111147898969468
-0.004177127522376646
0.012897406567303368
0.018477561603279086
0.03498805915816498
0.017604632621317475
0.018467084566948802
0.007194819839221263
0.0037595014824717476
-0.025018937250076572
-0.03994693779493898
-0.03613659629887738
-0.013256504763215167
-0.030033845069306404
-0.031732307700665305
-0.042144693914369584
-0.021710599073811305
0.0017414967464801003
0.010151337826995878
0.009295183020714921
0.006255900088326696
0.002244772905652127
0.004483346717593263
0.0054049028645231706
-0.028454027139151426
-0.039965862397725295
-0.02497092318825544
-0.03560166587253534
-0.008982652600596011
-0.023852471798736785
-0.03657487838151387
-0.030763358748923966
-0.012294126118786452
-0.014077378276533221
-0.026417090598524522
-0.009500260380176538
0.011215972217053852
0.008039217950936674
0.0036205815584926795
-0.022946899793487775
-0.01821537794495373
-0.01695579359575408
0.005332049057434459
0.0162962185966966
0.01132218277867851
0.02233253563105636
0.016091127970251466
0.02265130364841463
0.021664767572395164
0.018177847483209508
0.007711757251275563
0.015071194507507723
0.019667901981802495
0.014180363188414567
0.0091782197610355
0.02738867707984327
0.01777197488773488
0.024270745001314993
0.021926507293744787
0.013064655754396259
0.006908100448776625
0.010550272533538747
0.0016822959462468026
0.009290696488545854
0.012176773775860017
0.0055579518938286025
0.014724494652234223
0.019210100521217452
0.022485836752080154
0.023765957183762655
0.014132782035990499
0.022482374612287755
0.01804675586133072
0.017312600192944796
0.003891738058247084
0.004527869450642242
0.003118024664049838
-0.009137376770491278
-0.012687950829976022
-0.04439355547438512
-0.025952205902507425
-0.010826087521333756
-0.006571508221276925
-0.01077458075767975
-0.011203882968109227
-0.018634286706283327
0.008174013352584025
0.005618594675195441
2.328537822829206E-4
-0.016594108364978585
-0.03242576661838159
0.00963043738078093
0.008887384776483119
0.012560078497060444
0.022239559793172232
0.02550127186812854
0.01487797804482342
0.012733737303516013
0.01352268591897006
0.018166459485970995
0.01167597179255641
0.010376391279878352
0.022228391412892092
0.010554694379810464
2.7083601679819217E-4
-0.002898841439090803
-0.009986096670143132
-0.04752914031276005
-0.04539385628322277
-0.03434974687877651
-0.032805553112970294
-0.03894039278322196
-0.03756351945118787
-0.025637603790302766
-0.004183951152734974
0.004060577208355149
2.738835054362579E-4
0.012329862761869197
0.007248110071391389
0.006678548289042741
0.012066165447013659
0.007632867150850543
0.0032841676649304893
0.015610600253721883
0.00715740413853332
-0.010117094109201589
-0.02962216016895155
-0.04292056770741965
-0.036054143802648035
-0.04273193627015766
-0.03789001276975703
-0.04020320599111612
-0.04091721037367229
-0.02128715850544919
-0.043533604528100275
-0.03436710692456931
-0.018440213856158707
-0.012273635152781487
-8.913767502583868E-4
0.004025095253585545
0.010716575777477626
0.0023340912197684083
-3.3023932560048794E-4
-0.016822912119240318
-8.185131171161079E-4
-0.003168742987158849
-0.02536804513283624
-0.002879126682404422
-0.014795690971921599
0.009190837608853693
0.017632115515102176
0.012005546819616016
0.014238953668330334
0.05483191502575461
0.006457846476586722
0.009681337229280478
0.010214688208222498
-0.018751901160151775
-0.0018215074374852125
-0.008513331347437434
-0.021228816396399328
-0.02697009710174005
0.007066355849597501
0.006867020339756992
-0.00424501712060911
-0.0037509315860431067
0.044585799558337684
0.005019724796264286
0.010214952688001794
0.012888279406183856
8.79563549835467E-4
-1.7857470656492194E-4
-0.008219363161073051
-0.004668036640386211
-0.03711621779793254
-0.04205341071144379
-0.04497288439631515
-0.03693080514203255
-0.03699062654709591
0.002244382392219426
0.012288092714764044
0.013458444904626703
0.0032673498121724084
-0.00157650782335655
0.0016331277762946439
-0.0035014387053559793
-0.028726560095172406
-0.017806212282013584
-0.01368757544975438
8.110685537777674E-4
0.032892018547449296
0.019527383350046744
0.008000514333715923
0.012429576726388357
0.011578679990922828
0.022065547502245736
0.012292598027716227
0.012674138169406535
0.01512022179799001
-0.007802039648837166
-0.0027336484321898663
-0.021572897850450724
-0.03636914085734325
-0.029919572627157207
-0.02272255291957954
-0.03362782263737092
-0.04160023718046419
-0.020658054419262637
-0.01280862682267319
-0.01307013413984497
0.0037941412175721027
0.0030501686469477096
-0.007387010643888619
-0.023183027477940446
-0.03652635400258689
0.006327489431662648
-0.015844455691722093
-0.01467805760416347
0.003825629160495417
0.0055805657257117355
-0.03087678194156154
-0.039484758791830034
-0.018065930839781596
-0.01548387860689037
-0.034015403095467675
-0.030098413982503486
0.0010738546775435672
-0.01370145495911227
-0.019680813982708482
-0.020706014833842684
-0.017673314869290586
-0.02623154296737348
-0.01416507171308267
0.004143318390054479
0.016147703704843322
0.030364124889646293
0.023708416296459377
0.01799752808647468
0.011945471919761332
0.01919607703162326
0.017458948201022745
0.017544701160828242
0.010752191981602016
0.007838827936416208
0.002266393508247198
0.005733089879975784
-0.0011763457867392736
-0.003547242718930958
-0.01226187794410372
0.0015255411677005002
0.005396394126609074
0.017024408129748012
0.013091089403707606
0.014902341142375094
0.021499183792783108
0.02052594614730596
0.02614300452390947
0.019720462499667153
0.01563424934122629
0.0029882802396554867
-0.007146764896463851
-0.018962890701448538
0.004242110036511455
-0.0012465245204125804
-0.023963107883503955
-0.022058859771180335
-0.03109487979790405
-0.022257360040711268
-0.022839114984483485
-0.025057635973800008
-0.02280463006231911
-0.01666567008615068
-0.01990824971795028
-0.007630756923126447
-0.0018086809243232568
0.004216650303138025
0.017413607285738958
0.0038225798375850157
-0.0036928055486818577
-0.013951740539007593
0.09246963927098657
8.549829931184206E-4
-0.018804917051519588
0.01338930228229051
0.01621598435430883
0.028498182224745428
0.009303923846095949
0.02464999923657936
0.01394459832768399
0.012404190091893426
0.0032032501625843778
-0.010214642625582776
0.015620212826315597
0.011584392226965345
0.01471731150836272
0.004805200817304767
0.004968333702753721
0.0023459423508566755
-0.017635468554576806
-0.024779676415320504
-0.018360415049169975
-0.016493754811811527
0.0021208128899744107
0.0020903372062016663
7.371327884088405E-4
-0.024204835443479174
-0.04104410437319633
-0.025038527172409515
0.012780938060768889
0.018816061610174278
0.021714335944534452
0.01928849859756432
0.012160030661472587
0.04018901984049099
0.021393631917531825
0.0167241277927212
0.02270378932429515
0.026213745246112734
0.028766059482334662
0.046387293628235876
0.014434664144683466
0.030027419012838043
0.0174390512698322
0.014545003219630162
0.015456998764590085
0.023719940205247383
-0.003346850448360776
0.006038231510329443
0.011629261368251174
0.03438012365338832
0.039683221925855654
0.01056144495044312
0.010131362710257948
0.023568745463504064
0.019355607967713656
0.017645313259154985
0.00829983576928811
-0.006778445606796309
-0.009528049532530208
-0.01605033525037179
0.012491870791316112
0.007074656226150074
0.003273059042587816
0.003013452535260584
-0.002340455235331693
-0.02120594062496172
-0.031858067547785335
-0.025032217098467705
-0.01141562055304417
-0.00626740474381259
4.3783945125919557E-4
0.001590827381276706
0.02392991679152073
-0.007196348919113328
-0.03146077707208965
-0.006552342331473261
-0.02044804510141889
-0.006931880079012895
-0.010794277076588272
0.00553482264279855
-8.117457418886985E-4
-0.0023468793107208697
-0.012932920878127613
-0.03760903865737998
-0.00685952755624058
-0.00490832618083963
-0.003840229465297333
0.001909523661297206
0.0030757480240812193
-5.832371510524795E-4
-0.0018397071135883678
0.0013895438004240283
-0.00825853763993837
-0.007042631583297343
-0.007415761549798285
-0.014745881116262863
-0.027064661957460184
-0.018785793484976734
-0.015125072377021095
-0.03040311619256703
-0.027887644580137757
-0.01919662625791026
-0.028584230262076002
-0.015808794577432807
-0.004487599873197271
-0.01576515954621884
-0.029166755270770256
-0.01120000972039587
-0.0016176805509235878
0.0029887509747307814
0.0031547676802115713
-0.0021491540259793527
0.010939569986351077
0.004195624733426846
0.013401468327185452
-0.002044793034014217
0.008820415251619147
0.0038066391749663154
0.012036320218807007
0.010384746623647273
-0.008203319039025915
-0.004381624825240943
-0.012157458144382932
-0.025896280299418022
-0.04083158654438576
-0.036411825909670924
-0.025046926830526055
-0.04105750542930502
-0.011731454342032311
0.0031369041549639326
0.002364295632618427
0.012741330496577611
0.0020583908578189133
0.00975829222126744
-0.025775217958649763
-0.041124418604081024
-0.04177252249150049
0.00545682439103451
0.0026549463319705457
7.530526353099467E-4
-0.03489917130671029
-0.027911253610858167
0.011585629583246406
0.018951331395125254
0.018516588591327442
0.014177687834639692
0.011706438619724743
0.019272547500336915
0.020560921083621914
0.014719212681057393
0.021867156464854237
-0.008821864826127072
-0.04550370667756263
-0.0538941871336794
-0.03664867128307114
-0.0460825615858086
-0.041183550024151416
-0.03480601459664821
0.0013528664112778012
0.011770865146920426
0.015891077693470926
0.005907575454510366
0.008786737662780628
-0.0013267590174770236
-0.012536632740477685
0.008314548067940068
0.009329176674774939
0.00763125642629874
0.006672994770572521
-0.023445388459216395
-0.04681827687135207
-0.03577496552564663
-0.04033650589472915
-0.020876634250344694
-0.006171442542063727
-0.014096596784681368
-0.013048667783868949
-0.001978227171439337
-0.0016298904033982976
-0.0020465823634946154
-0.05341239725807266
-0.03633395876755724
-0.009492118919499814
-0.008690088963293863
-0.027226028997546028
-0.008303516435992609
-0.03472108811936403
-3.897661709180542E-4
-0.014701298102575297
-0.026371836685581147
-0.007268218865406717
0.008760700183592332
0.009787175306928336
-0.0020438572295730815
-0.022243241921978078
-0.04952733284773627
-0.044709705107598766
-0.01736575377954963
-0.018083549133820504
-0.03781719130184259
-0.037838807511209625
-0.0335574899589608
-0.029453555936631994
-0.03477714356025764
-0.015922116380421594
-0.020892148449362987
-0.019484081713193047
0.014767262895859383
0.026370895558068198
0.015030429600839865
0.0017613001740428066
0.006357203856771945
-1.855045364670049E-4
-0.013783618606637352
0.017341499227726796
0.021725961800195242
0.02750564181458421
0.028146581821213455
0.018458534932493494
0.022347317829151375
0.024448268387818543
0.017249177331014404
0.008382303939716958
0.01712672440747734
0.019619102683231856
-0.02486113086638489
0.00586507124714528
0.016863834444932495
0.016448629777824048
-0.02409690448304029
-0.03397484930188686
-0.007583091654734947
-0.0024195829308528757
-0.0014492592342638948
-0.005491114467725396
0.005729120664496607
-0.0034126414406232047
0.009780908397812687
-0.012673033801622647
0.007889804603144462
0.006747906499224886
6.152039046877335E-4
0.015653577080463502
0.014166398552156262
0.02993034657663602
0.01550044848150621
0.02321323044872722
0.02381450430175357
0.023460431238086398
0.03306482639691651
0.0065849421506146135
-0.01100423391742459
-0.03364837162433076
-0.0410602637538041
-0.03405102512838753
-0.028501303707720426
-0.007743732708051284
-0.03241076349604062
-0.03840078998885751
-0.021640313377882123
-0.028791394774081536
-0.012510935617959167
0.014860080459219584
0.012876451503299979
0.02178204525801655
0.02127672461436598
0.015548771418110414
0.014248765466852283
0.02934124097822189
0.038033858058569056
0.008342151007050824
-0.012439399246336528
0.021724695537247127
0.012632651184898359
0.029332640832032422
0.02420457271879187
0.01282244138267356
0.0068617685620054785
0.013732717370726632
-0.019174263766562376
-0.006502835793584219
-0.01594765768718429
-0.026621497780978064
-0.011650676293698932
0.021075851413621158
0.002876943714171875
-0.03723727307212804
-0.021149625254478156
-0.03424414045282708
-4.029790532468257E-4
0.009971603499018801
-0.005705564656720697
-0.015352696938008968
-0.016741245496445612
-0.002823521586514402
-0.003626577950681876
-0.009028644553353117
-0.0028725805372554077
0.02006306821143992
0.025067879835581192
0.0341473167210931
0.03694112119964957
0.027388171641240938
0.017575897975198523
0.01644945706439681
0.02006004829829379
0.024236653449268168
0.02290386483145897
0.026564500671345442
0.021317838409395124
0.00892787980132156
0.029970625163425864
0.014101863603999776
0.019162129357367507
0.032727297481927736
0.012992425344215398
0.01881991657018634
0.01962978194881927
-0.0021008462809821936
-0.012014837496127338
-0.003987707366679226
-0.0017201863089257594
-0.005270395472120706
-0.030460105460048046
-0.020842089194752344
-0.02091867717756038
-0.01930801977212786
-0.018392718194448297
-0.004962193377638046
-0.010089855890391405
-0.0024365692947096573
-0.012086819587926298
-0.05140051793235127
-0.04089608653886105
-0.04646194544152071
-0.04371819399150651
-0.04436381855868078
-1.485891004330978E-4
-0.0036727957349126186
0.03079370045144205
0.003345725025967505
0.008753752627087347
0.00588103220434454
-0.018311634884903498
-0.02394315633369849
0.0030964301144833298
0.0040883708586796205
0.08152777755015818
0.06674540024999573
0.010289502995049191
0.007487648489281886
0.0036944466508538653
-0.024453948746439694
-0.04570790321585948
-0.04963714698818409
-0.03159925879736224
-0.007488800535184903
0.006038883205431223
-0.015047775750199947
-0.0255597530587757
-0.03734007112100681
-0.03793290796006037
-0.035287610591478426
-0.024926135021088557
-0.01752864824435902
0.007409385235218326
0.003996477502195845
0.004469256018211889
0.006915172152312525
0.006340440558728954
0.011502883780244895
0.005759939339951738
0.001480716404098482
-0.021548903995405582
-0.00997052347576018
0.017992940282647137
0.011434729078453557
0.0238253175369158
0.0035936658965464744
0.009678495259565333
0.009650339556546522
0.015246243109722606
0.01539479615308937
-0.0022164122942165796
0.027174506522452013
0.017742351065615638
-0.01917034373039714
-0.03935424143698179
-0.0460320806717042
0.0017882106222393826
0.01636535439404431
0.021426500706069496
0.00699532420457225
0.018825001644519716
0.01691797342972838
-0.002724809509718225
0.0010886483256988145
-0.03719042312930775
-0.04428856000553286
-0.04701328801483264
-0.0029927753756718244
0.006290044903452508
0.008326860820674228
0.016610052807495494
0.011272132782828456
0.025244022399519415
0.028050841738638595
0.02230110549575288
0.022823837257177248
0.020019559787412818
0.02180179066609085
0.016574311773410205
-0.01471099910873206
-0.03126248570935255
-0.0179900001088086
0.008847580237129771
0.011429484833004329
0.02414422857185382
0.010608003595967808
0.01749255725018658
0.014417795379758621
8.229739884293361E-4
-0.03202806852154588
-0.04343738104909231
-0.04015342551097828
-0.007734691683888172
0.0037539635212960132
-0.011680059035013016
-0.006699721888217174
0.00839324630120528
0.009212394741179002
-0.017089830760257916
-0.015275442221959534
0.01306391605687491
0.010160777508301792
-0.002855258514961317
-0.022898850720850263
0.009196359219004403
0.027276093778196675
0.01374033803898566
0.01948579327164049
0.01587049775188241
0.02122378955952072
0.016686923151135468
0.01884150030288389
0.024445969472910268
0.08113957948864871
0.018719222390506936
0.023700143259607703
0.02159737946160292
0.00629905330197627
-0.01404673116431453
-0.007929213654843071
0.022065681396573996
0.016004935922686744
0.008560723433945396
0.006630887201363104
-0.017011485738196244
-0.04722245340765162
-0.03919062490416959
-0.017312195025260765
0.0023847100270555496
-0.0015185602559308446
-0.0181791696175501
-0.013645529545288717
-0.014610439451741366
-0.008784155961515973
-0.00270681662836216
-0.009971862315230267
-0.052883361025656904
-0.019811846480830106
-0.013169420715052761
0.010440434294508659
-7.765159453700277E-4
-0.02255004777159038
-0.018589600435635525
-0.005821413101113881
0.013276700246547844
0.018335597562940953
0.0183458807756804
0.018515358025014615
0.02081863347215778
0.03292050914198806
0.0224443094342271
0.012623205627616405
0.01297503208424932
0.01820136678221625
0.010314354627589829
-0.006778878649138174
-0.03787415273444851
-0.04435003933075128
-0.02640556169973775
-0.019446579834016323
-0.0035934478307607844
-0.027712758804393885
0.012255240101944384
0.01833606006863591
0.02101882010873137
0.02165636469791019
0.022111458961076264
0.030912393522138704
0.029614456067382992
0.028522072268484182
0.017096332055703996
0.0038784224423742608
-0.00496944887197489
-0.018983096139432117
-0.013658090768550693
0.016996211237462616
0.019920476680704197
0.011154536657468635
0.022153421587464958
0.013647303540699738
0.01944583026985514
0.006473072474167997
0.00673098838300194
0.015237191382624294
0.01991222951365681
0.01358080009855869
3.9618147420897656E-4
0.014825395756777174
0.006247800132255714
-0.006650300889377453
-0.04718763171152432
-0.047154710662861664
-0.018790418583092928
-0.009442892958865598
-0.0054290558045688685
0.007661912803850438
-0.009905462228310506
-0.04752475670654018
-0.03918600632641434
-0.01355745549974625
-0.012652570856880683
0.0032322476892159254
2.627685859088909E-4
-0.014770566522383552
-0.04789590100668468
-0.046833769724209565
-0.03393574542811537
-0.023528899669713946
0.009244700934587954
-0.016763290840296863
-0.0015315007362912496
0.006798756762255268
0.009803885694929595
-0.01084507922942133
-0.01668769746302523
-0.03983566374385281
-0.005347209241987138
-0.014670884752938162
-0.015468586923537909
-0.0468366417735396
-0.009013329093377475
-0.02664968291560891
-0.018778181377482384
-0.05198132303689861
-0.05102595928036214
-0.024106659389165144
-0.00422623728882786
-0.026329863885370806
-0.014188873477465017
0.00897324609389057
0.0030020529859393925
-0.032287208819506606
-0.0017769581831155274
-0.009928256573719908
-0.011837861081367688
-0.007519060449254755
-0.032594834954862935
-0.035893766325865106
-0.026775942975263374
-0.005691334450236518
0.015371706779620874
0.01504476005356549
0.02539290029817321
0.025569240206136393
0.03033094282744498
0.027394888927448853
0.01469809596151557
0.020329489344297545
0.01972028544423027
0.019096420301833457
0.02237697659137485
0.016651178392304473
0.021894629353452127
0.01749094432051193
0.018512618609569965
0.021729506672703208
0.022539663951526245
0.015997524423166546
0.027806303305656234
0.018927715737583596
0.00943247943048162
-8.30360791875939E-4
-0.017135536156143237
-0.03913818500961035
0.0063269715146231425
0.014084544831583157
0.017189472065405404
0.00980234974470778
0.020743924560929862
0.0062390408117616895
0.015349324387894391
0.010573537217508228
0.01954492871817758
0.013270186208745996
0.0013548966199002496
0.016735811184769793
0.008360741032232014
0.0158000279485982
0.011012663347709409
0.0016080858079892506
-0.01031200120315175
0.009695031378396803
-0.004920521015023968
-0.011393519684162762
-0.008793450561673712
0.013511600731716828
-0.0041810232202315264
-0.006287683671459557
-0.0026476048922557706
-0.004416077126621423
-0.029956330829294067
-0.024506828907035576
-0.003109984088920384
0.017296019329244537
0.016289141877580272
0.02311652145902629
0.008964380701468565
0.01861672422083748
0.009357749080940399
-0.018210541143100105
-0.027334103299385647
0.009806237753191942
0.015889924582908763
0.01293160431289345
-0.01272334915399232
-0.0199485634188294
-0.034016104366062845
-0.03168329533893339
-0.041972872621027106
-0.031318418234627506
-0.03144045947650478
-6.674228710937006E-4
0.007877432243645267
-0.019387979858178715
-0.013826340061596248
-0.018765190703921582
0.016468889811827234
0.00984255699801595
-2.845132015760381E-4
0.030568784134998257
0.019606502316602492
0.018618435544741067
0.04175006586000152
0.025536205349473366
0.019371025315492046
0.02787407561157388
0.021774536633938787
0.02105870946353551
0.037533359504077664
0.02704301323683002
0.026892799287343335
0.01085526020126468
0.01850990570159622
0.013360541730210358
0.029130129643984606
0.020549744236718664
0.019308133551662884
0.02068977658318214
0.019815917882487554
0.019545180500656723
0.015185220398056497
0.01636057800389001
0.018552765653894597
0.01992112930941647
-9.203787191726254E-4
-0.006449019010031772
-0.033624374987995406
-0.031299336160328775
-0.0020606632048145554
-0.023748531988766766
-0.029717047266518096
-0.03476355784668638
-0.01755995401917288
-0.008536813080518365
-0.006840996784127474
-1.7616332034434828E-4
-0.035839239935969554
-0.03939247356111293
-0.02619077564284583
-0.03547639240407841
-0.025955592294050773
-0.04257686558662372
-0.05538984591567994
-0.038215577416095076
-0.021559418411657715
-0.010058888273165223
0.004607434907124105
0.0010723763023348298
6.687326513274902E-4
0.012723882576246261
0.009461076310985046
-0.029187119360328445
-0.031176870577168912
-0.03643364763164534
-0.03365359348506558
-0.02017744343875066
-4.0381192799479517E-4
-0.026170168882255363
-0.04270257445733808
-0.032446651861844075
-0.008391496457968215
-0.030190249310818953
-0.03184760809135117
-0.03202115681275159
0.01226958966159291
0.007414064240392703
0.00884571644313168
0.010238748506369223
0.009256623458276329
-2.7541595039389747E-4
-0.018389369978704447
-0.038954972326111004
0.01741807794602443
0.013809273704546852
0.01363306450014522
0.021346888558250694
0.022009060216017867
0.021275924747315128
0.021494614125459395
0.033982290055147635
0.031211499563672238
0.023595555320363004
0.02653859973453984
0.027661118358596963
0.018553280738984535
0.0330566016537764
0.02056378040791259
0.02104634333685911
0.020649459043807748
0.009834410815966772
0.014869574041280087
0.026299878179855515
0.014949837699278951
0.017483886123947027
-0.01848450833217561
-0.010408129727126219
0.003437010048597082
-0.03328696006641475
-0.036459782670794666
-0.04516989781311698
-0.031190828196766
-0.0348129577814127
-0.02924517742161128
0.005091191155845799
0.014416695198321346
0.01457691875851385
0.0161359307226843
0.018726215462346336
0.01194044353250311
0.019974708432784625
0.012055298862320832
0.01609497439332436
-0.01152301024446202
-0.006138733833034055
0.006935579437602834
0.019609994473423924
0.0201105961354123
0.02099081195571481
0.00891020604060586
0.017907072289930822
0.054895278152782445
NaN
0.021511153241414522
0.00956918711266137
-8.812267179514012E-4
-0.01484984528736457
-0.03317572436079792
-0.03487654178107018
-0.0150385229906005
-0.014976559988681519
0.010797750374273253
0.007296610283111072
0.012784407610792456
0.02708809084306118
0.024642949309611428
0.014590633547972198
0.023950978865448516
0.009949848740161193
0.0022343351510056815
0.009083377661058347
0.00979470374538174
0.017218650501159553
0.02758695437583751
0.01989635463614326
0.03559308126712408
0.004378413039920416
-0.021410377490064605
-0.03567487949074661
-0.03855274643413767
-0.00870708607992728
-0.003772035624757263
-0.004072390020898817
-0.006887252778331302
0.0010259095877694375
-0.01951915005673255
-0.02229210477789642
0.02664271257969821
0.02020329761000412
0.020909388430405657
0.024730663582646688
0.013240982586328887
0.008383263427813883
-0.007083646978957948
0.0019922477943513034
-0.010461530101997752
-0.00996414575619052
-0.006867175904803349
-0.003481083572117079
-0.026789911149308544
-0.028488682905202622
-0.012853999213773115
0.00777887593015742
0.03349167473715582
0.028019208896308226
0.03963602603460085
0.012199491990529682
0.01940122790179288
0.02022760945777744
0.017557619725036146
0.01918764357758999
0.013368906020438841
0.007559550610215199
-0.0032901408759677076
0.022167137501192147
0.018106649321234722
0.014279356686448141
0.03429985432328044
0.018590074390546465
0.0204395074051987
0.020133235350058266
0.02607250755571471
0.033666009134703224
0.02645841199431373
0.02127099954099721
0.02482381467742329
0.013822244454779368
0.02116924280345696
-0.01827998888953567
-0.02801589855023031
-0.003287980045762456
-0.010438572578424543
-0.013259086473208895
-0.011479977302387102
0.012390685477189314
0.012876658915552983
0.016757559515309974
0.016851448841472976
-0.003784085315237208
-0.020878201900445495
-0.002858176076590388
0.008245573666793751
0.007748183063394239
-0.0037225370038255663
8.688667263880082E-4
-0.010604146984425581
-0.03057047083198418
0.02003580650122563
0.016363491017012302
0.01570584468722782
0.018005100192876173
-0.0025845086482879634
-0.008133474731248926
2.437214447493629E-5
-0.01239846534841433
-0.023483527489260563
-0.026765815155351286
-0.001382378596648521
-0.042054219485134964
-0.05170062324394627
-0.04115886061738992
-0.023620981207401068
-0.018048554960859917
-0.035084432338046215
-0.0233588275466483
-0.01649005015642394
0.0136894971613125
0.025835999030293034
0.020122006745985733
0.030283479832026595
0.03062069189022494
0.024658065934132858
0.019969466104554183
0.023791105774724958
0.02372057385101493
0.020407927956182344
0.02563956888899563
0.021801616258016996
0.024040346775253067
0.028452039099651362
0.018258650087569977
0.010706399442489963
-0.008427308037794214
0.01673876350818368
0.015239428575427608
0.011193897920292954
0.009063524288226738
0.013454315630347016
0.014425776593343872
0.11672169890266602
0.09937383917042177
0.1167649545754604
0.027512298683341138
0.030305764141655325
0.031126854764720317
0.02035232914103187
0.02814733647751235
0.023908741060529842
0.020249138094705108
0.031221755592353198
0.025066512690618662
0.022664569677097787
0.026893735247123057
0.031258555491158364
0.025459477373129674
0.028230455915158305
0.03096610487712849
0.03299058292242357
0.027339113945272622
0.025664326870892852
0.02155308533219939
0.03654990775614637
0.021072318157811964
0.019381396613604416
0.019126260836195154
0.017810714609000633
0.02478054731518842
0.02379310902673614
0.015280662939013184
0.01857852095570578
0.020023527116706772
0.022382013893685743
0.018383737079496018
0.010388402399144611
0.016729606947606494
0.014010261902322258
0.012072167598837762
0.01678915247965769
0.020274116319857285
0.022863995980628406
0.012459058044097793
0.01767281661173914
0.02280565808675996
0.01748173131861742
0.02183688230396762
0.019073458900184755
0.022458479603230802
0.02341396446394181
0.023229498386445006
0.011407325229698707
-0.008687786329104125
-0.01603836871152402
-0.026509726597442135
-0.02939862328126749
-0.012284112926489229
0.003897690444628842
-0.01165186011388428
-0.016857439708266135
-0.019352861811375282
0.016340228153306144
0.023980525971756355
0.01946876295800192
0.034880538528959226
0.03088923140093551
0.01912742959773149
0.014349007784554394
0.02529750116220623
0.02994352307645993
0.013069736198035902
0.02107346980310103
0.03303751268765668
0.02851666075878361
0.02043910713196828
0.018970553882501164
0.019049483860986583
0.019537458891441956
0.014298283312949384
0.02033991385658311
0.017462482890803706
0.01092112208175524
0.01513198353070985
-0.005937397374038786
0.008182786524324137
0.007139492132451267
0.011209661394367916
-0.009260438611645782
-0.010134325472498226
-0.02295552348747396
-0.02764482176845849
-0.033295698614019334
-0.007347307375105243
-0.006957882646286095
-0.025474141975708898
0.039830906112956414
0.018467453021254295
0.019518759667790816
0.021646554842433458
0.01837129158851062
0.014375042298323731
0.027782599003924678
0.01589801461498879
0.020478165821252788
0.012458905768789719
0.017510414164469232
0.018293508423096433
0.01978007226945011
0.016392052144360278
0.015939756471727903
0.0021408516738716625
0.007564348549840542
0.020347049257747808
0.011570953595282527
0.008421186807950579
0.009853506304555969
0.018849378161772217
0.017143109831365577
0.003612338989332528
0.014106411117645618
0.007781852349124004
0.016053247763373923
0.012940799182816733
0.01203114441417057
0.01598421192255328
-0.0023939066330503096
2.6926559589263935E-4
-0.023651257887457845
-0.03556365180921222
-0.032489679576852795
-0.005052069479924974
5.399702481552323E-4
-6.914676341086274E-4
-0.021987699805910907
-0.015434545976577042
-0.022823068301516734
-0.03241007122000072
-0.02116891024725878
0.002457593427996785
-0.004304963933747535
-0.037719691230993585
-0.03564842164648613
-0.03388604226077765
-0.02041389884220468
-0.03534421030937436
-0.021336497997067903
-0.04106910603800805
-0.005742767210263577
0.012651861483523735
0.007197161768706026
0.015905038744963507
0.015789740016091947
0.0043329835047335825
0.011627061105813748
-0.004989024778619643
0.0016767404232018654
-0.03131211047060908
-0.02193354695889242
-0.018954213201593767
-0.034612875725477055
-0.03787448528094938
-0.03432378260248663
-0.011795492886807538
-0.0036349718965631283
-0.007738510793721556
0.0035694752711034625
-0.02244663298830395
0.009302928510664464
0.014554955970394832
0.015683078260015627
0.018534736822408006
0.018990946303876113
0.012321625224447057
0.014386440564306768
0.01490350784165629
0.0035245407696730645
-0.02198350478407835
-0.01562580243280196
-0.012181603242403045
-0.007928101457918234
0.004607267714819534
0.008121914573752064
0.01691341658253782
0.009493250363756353
0.015909587914450272
0.022776089211321182
0.014729452964798141
0.014386353701400324
-0.006125658202089977
-0.028607595405279882
-0.03959994903032628
-0.022490672401861513
-0.01587611719575904
-0.0183102011747908
-0.01857720474502343
-0.00605740660466038
-0.012703593184375795
-0.018213477119353363
-0.001972038185052638
-0.016633382277719766
0.00322946661255203
0.02294399324200789
0.020233755763703908
0.016483127678526135
0.01793017952493238
0.014701768992722554
0.016373600777820914
0.014683062705444679
0.018448733500917323
0.020480826545735385
0.01708830344331923
0.011302492158281708
0.012849543837131418
0.01727528766906629
0.015392881559873787
0.012853967792601298
0.018560178098988866
0.019360279217156412
0.02258249371707203
0.018897918157651118
0.009546030961942224
0.029418258385586274
0.024964110301980685
0.010905203381750567
0.017522161498834347
0.008583892612658291
0.021351831042377162
0.02270404697915225
0.024504448901592386
0.018119619382527173
0.01843375251679419
0.01584944329577456
0.030309660423244927
0.014686698496804772
-0.013404041766724703
-0.014216168631875602
-7.190618546182911E-4
-0.004080100021861245
-0.011052036834178934
-0.00885570122825468
-0.009581847248410389
0.0032972352292352037
0.013003863065638173
0.006058182643218874
-0.0029318144528543665
-0.014255992095613575
-0.027302231798620586
-0.010148008941374284
-0.0028176537737166093
0.00570395943365441
0.007022080473530282
0.014727922997417247
-5.584197941030031E-4
0.0035836476890329745
0.013437195093342659
0.017564869079841405
0.019850185811952088
0.004265869111364296
-3.1281261063181853E-4
-0.0033736121854422703
-0.012181004632312854
0.007802413190693477
0.020176666071954855
0.008068338556836852
0.023548325827417442
-0.01045605724603137
0.0012470035968705486
0.007932599682703621
4.457316827495726E-4
-0.023622309113725166
-0.012194524173856289
0.009288318571955504
0.020575491764318103
0.00800165415154138
0.013237621394283233
0.0037299451486473905
-0.01360738769877158
-0.012157536953257504
0.011092648216316541
0.009033465724542361
0.011651625575710409
-0.006151121705640649
-0.008725976127792651
0.0024422730580927546
0.004152479267133895
0.022425307949633745
0.0042606066497538906
-0.02032840351943561
-0.022235100128506227
0.010402425472808424
0.005498391305226373
-0.018526956124051294
-0.011554789508534202
-0.008120103243127813
-0.00950555124741921
0.009954687552504154
0.0036538610847540428
-0.012722775966700333
3.0185804349468215E-4
0.0054953746494900415
0.01546465678555636
0.011793257063834304
0.00698112203756173
0.008334518670867357
0.016310077554329314
0.012186885805183342
0.015192890972229648
-0.004746455254389928
-0.012450955479627566
0.009559590532775716
0.0019466981882194341
0.004392511774493668
-0.008002395505764471
-0.0022413702739153794
-0.0035211000066053995
-0.004877794538629811
-0.023485267826528728
-0.01231934651703604
0.0012767454022227422
-0.0331877317101027
-0.024298235950537247
-0.024023293886615067
0.012084913371710224
0.023020579651794146
0.020894433219969318
0.015708851783068755
0.015410829917229703
0.00842150745937877
0.016839698417314766
0.007061367080437176
0.005554202645759609
0.011857143521381976
0.005776011167235073
0.003355462907554201
-0.02214171808403531
-0.00587655504280556
0.011265401942325424
0.01894248064396218
0.014057261169743603
0.02129393402799347
0.01643925418732755
0.01118162859755236
0.022089442186869652
0.01966903566776996
0.011617083289746429
0.007299620861378684
0.010578213534918984
0.028847038302197127
0.011800364228483986
0.014071157444063148
0.00973074059100583
0.011795884180283073
0.015907939610657385
0.015923518953625357
0.017104763226101088
0.016652078138278063
0.010796086803456346
0.01211353762970832
0.02254836061863779
0.006429137384931174
0.00996877502135839
0.013021675762298394
0.003405677437957895
-0.01397854648227519
-0.02928951424375928
-0.03050348521524126
-0.025254081323173593
-0.012477184224221761
0.03168522241483483
0.014119365083339434
-0.004739276760951815
0.007124082110260021
0.014705103804850753
0.02703631680192363
0.014866831751428305
0.018706238607561036
0.016207680672218297
0.013876818291683635
0.007725649439669383
0.0025866122633788824
-0.008750827146670852
-0.002671000564903956
-0.020126184624114352
-0.01676538341043969
0.003467635611448398
0.00816602145624767
-0.003189693086735287
0.0057113486177585255
0.007003972137391627
0.009457345082775799
0.011401512321086958
0.009511939847441073
6.436616117335217E-5
0.0033225835536412514
-0.006196922266113608
-0.018413408207695606
-0.0056521726321417595
-0.017337477092944503
-0.019023902140692623
-0.004768164578511282
-0.00733784544221271
-0.009533858827412627
1.4723567192215323E-4
0.010570705781881351
0.006505490626104491
0.01154753503134753
0.009086934728268829
0.001721487461873508
-0.016656852102811176
-0.006624058016100411
0.008212029161090355
-5.522519221443645E-4
-0.03142888586027109
-0.030515968432696265
-0.03024918214088433
-0.022521669508512077
-0.013079229408304444
-0.03365596306096986
-0.03148027651857863
-0.007378359936234225
-0.04556971282740054
-0.032528485020455036
-0.02797363164419367
-0.028504447399439914
-0.02777964681404226
-0.035025504624229195
-0.027640201337884154
-0.008522991368137646
-0.005052085353008433
-0.01737669637051903
-0.034172798432452134
-0.029477481090618478
-0.036786097032650754
-0.02144378578011162
-0.026704688591225507
-0.010835520727663521
-0.02764449548899777
-0.028771837376932972
-0.036365608645023105
-0.007670746466692714
-0.010256442615162783
-0.014085752375420396
0.002692001155458366
-0.008425520736652797
-0.008661555336550641
-0.006018980042415868
-0.022839208313222642
-0.018684181135874077
0.002869565893802572
0.01768921813928207
0.012981964552202869
0.014802054437377064
0.002749454379450774
-0.002632342438544614
4.792522906509689E-4
0.009714756418168127
0.00903122125358612
0.00580621566661151
-0.009286479009715746
6.79495499036206E-4
0.008300925208050352
0.001963340139980025
0.005201139602232333
0.0354420222052544
0.007557209742198171
-0.003153971443273643
0.005599952025876618
-0.02020655732281215
-0.002321616942886456
0.009920210626386497
0.009387137130074986
0.016297130815881536
0.014167864367182096
0.014432679870756828
0.008172194967342908
0.01477076996510348
0.0069771094383602175
0.007808520910502578
4.825436208601005E-4
-6.437935253109307E-4
-0.022067065796834758
-0.013546165038906158
-7.67162657119656E-4
-0.011141061534101458
-0.023991594305254552
-0.014095843008916718
-0.00166751134422208
-0.011513952625633043
-0.014171615599391254
-3.3356805577449897E-4
0.0026864669725666177
0.0011425708404456851
0.017985453801209642
0.0033078239989246
-0.01418068847663511
0.0012365852411531358
-0.002053170199690181
0.015522610984325159
0.012758699819886848
0.011392559327979664
0.014165178317221794
0.016985304021871688
-0.003448965503486596
-0.012905902453323046
-0.020233654326092212
-0.022164946745168897
-0.016264901163363026
-0.011624592399815043
0.012514810342702357
0.008038294212390888
0.009246540518037909
0.007164811830330675
0.010117887515147323
0.008480043257645006
-1.5106714572581201E-4
-0.009509443052247626
-0.012487995419655753
-0.0031722748010896418
-0.006745642002634076
-0.012326368517448505
-0.004659608002424571
-0.00215584580331648
-0.008678844463237901
-1.0698495537672572E-4
-0.016948936973514014
-0.007705824404374008
-0.01606381020529496
-0.029483392290003692
-4.5708651120211644E-4
0.0044257868165133935
0.0026795678371235292
0.008632676833353215
0.004736663212256934
0.009310913503425815
-8.783330079037551E-4
0.005892858942853746
0.00763819915980033
0.01517801193269527
0.010246484403520169
0.013067293168954427
0.013520168699752953
0.010929452775318687
NaN
0.036061496813535425
0.012738306355469402
0.017701486511253767
0.004055585712961335
0.006358863164107717
0.01673056297585245
0.00471331036267919
0.004810272821364086
0.015377598285465793
0.013853633702093776
-0.006299090801023069
