4.613367352382441E-4
-0.0075153354326954296
-0.006174042214672232
-0.007897228042250768
0.00169715592631912
-0.009892288973891869
-0.014505491538873493
-0.014913885218814121
-0.013309782388476691
-0.01844230827972606
-0.027808825086665375
-0.030673513157890814
-0.012754874393485978
-0.010830955444054664
-0.018992522505375864
-0.019754284380405746
-8.442046143527808E-4
-0.030200257597097813
-0.023957949730733848
-0.022838974816114656
-0.037683386259956556
-0.02519258796920478
-0.016668881952193775
-0.02144128115755793
-0.009957149773174214
-0.012095978691889105
-0.005041395240872647
-0.02477070809468124
-0.027856002626501057
-0.01732865546853199
-0.012805162743751063
0.001976850295912119
-0.013562584287077465
-0.0019153208287866486
-0.005341086359478241
0.0014018726551090236
5.258118006359067E-4
-0.006415970384164975
-0.0089392788218662
-0.002226869020002664
-0.017078320144058863
-0.030953300803615746
-0.004057028018698347
-0.019042337054746197
-0.024299397442761952
-0.020791834061559534
-0.014141674262231521
-0.01031305610575923
-0.0021939380861912524
-0.007378246166446035
-0.007820920378338363
0.0017594990996127576
-0.008154827423384525
-0.015322370056184673
-0.018169054828601528
-0.01579465428347653
-0.02188975344406832
-0.02246815931578928
2.780374814503779E-4
-0.011498615493636111
-0.0071998742368122315
-0.006280505451385704
-0.007854757499981645
-0.009250494805129662
-0.005480482221407508
-0.00608986284136088
-0.0035645907273689336
0.0033435866016410373
-0.002011903318297247
0.01766079888959177
-0.0035352491104697044
-0.00561327744315372
-0.009751878885188355
-0.009855630973071364
-0.00797454956738957
0.00611038865470243
-4.8048383026677056E-4
-0.006646527385733978
-0.004607676089214035
0.006920095263895548
0.005112438589503404
-0.025864214790422054
-0.020016079370724096
-0.018588600186554848
-0.006080998324886096
-0.018735709851315334
-0.02116752253177919
-0.02143768660375385
-0.003591399123753106
-0.004691758680966708
-0.006381492058140894
-5.053018412843786E-4
0.00284836124927862
0.0045446396871032585
0.0016882703183524984
-0.0022622987155840124
-0.008480613635316674
0.005157692844056732
0.007769132237666203
0.014349959886060207
0.010323523845046943
-0.0029482612594093098
0.017237835220763272
0.0014892588831382425
0.0030402825297829996
-0.007263659614497399
-0.00255997679984565
-0.01504438717408126
-0.008361198343898908
-0.008525673148586481
-0.006275104040949888
-0.011830844872144452
-0.011653061409962442
-0.007223262287834262
-0.014430741204856703
-0.020116158914292488
-0.024168202358299074
-0.02887216220131821
0.0013568321884140757
-0.0028241060774189643
0.014099247286007935
0.0033471213733413845
0.022287491260989965
0.011504335886606636
0.0054557706992666875
-7.736036747844205E-5
0.022345351614192294
0.006214251291645756
0.0017646347482376803
0.009197623199243204
0.01916167571149513
0.010793280340068712
0.009794859273206717
0.014936908313237147
0.005982025176707167
0.009797039606320751
-0.0010782424947490743
0.005653999858772798
-0.007315146757297586
0.005073437578138963
0.007957760191212342
0.005147868258343967
-0.004364833530921805
0.0030069403428246997
-0.0027571251995967784
0.008525165930636593
2.91142426344794E-4
0.00830671848913218
-9.351097839008973E-4
0.006382719849767221
-0.002454618004960981
0.0018637814263901308
1.6964475004145E-4
0.01399354465177504
0.01323257457046998
0.0018725806335985118
0.007346436301449772
0.005167999680995084
0.004267099957172953
0.010975404845930903
0.007558978530113656
-0.0012732071133743743
0.005298281222772777
9.54894849267157E-4
6.941958757487937E-4
8.544922829304422E-4
-0.007243283802420716
-0.005915063010863679
0.00837634361267501
-0.0019942547014195422
-0.010418889901451399
-0.013185212476091002
-0.015016159577110331
0.004271024100439265
0.002144202411464783
0.010496376491758747
0.022445068988873516
0.026005186274078503
0.008669046619703715
7.612543423863262E-4
0.04902629891915385
0.026096020666452814
0.013595041251966158
0.015627251358374818
0.02143886247295179
0.022932917775398066
0.022400233848056037
0.025685377929608143
0.0015347996421102234
0.040079299868022736
0.013753319519655312
0.004387308658615093
0.014296668061994759
-0.005381711146848874
-0.007892326972435214
8.925831729300051E-4
0.008965923614023784
-0.0034574671489834077
-0.012347791489729334
0.005952405549529821
0.004910509851352991
0.010476781741862121
0.011938246245399724
8.122238197861903E-4
-0.01559749936635121
0.011013737172411803
0.014830100888181996
0.006320785406413269
0.0058663210285807
0.008513852538451716
0.035842061410646685
0.031210017212333747
0.008859484635361618
-0.02652805693215526
-0.03267172362813835
-0.02449128766928881
-0.017325197969719285
-0.007293648007670738
-0.009425516013029956
-0.007297502247796856
-0.0026341223664449543
-0.025629785861665023
-0.0018235749852830874
-0.007062611762519369
0.002315031416703874
0.013310449308683723
0.00996788588790044
0.00933319422757804
0.00891393698385511
0.014555409269953554
0.004119263539797372
0.0206497346043857
0.0019918584336294275
0.009857230349576345
0.009776966789447367
0.003055582224631458
-0.015222746777807506
-0.018937089122164734
-0.004123769378038555
0.0032215579509599643
0.010612660807523468
0.0016878973024299108
0.004335702966661925
0.007111494432432427
-3.443681820345544E-4
-0.002556143209097284
0.010128440236003733
0.013550725418044487
0.004046731343512009
-0.0061326917917841174
0.017932798370695346
0.01883798388967474
0.021212922961496718
0.015509711754475637
0.009044514321492812
0.008502515650335028
0.01008501006502108
-6.582015637438595E-4
-0.006032042580118195
0.010194586061981564
0.02157218847236689
0.006594748102652701
0.006945634632760155
0.012147221840692123
0.009734019807309067
0.010432476714927474
0.016981309874878777
0.008673551718146513
0.010983632804872634
0.012886188088397258
0.01009832726989069
0.022361283324198976
0.008801924590071883
-0.007477512722318776
-0.01435911143911623
-0.00907088723456306
-0.028161611121949984
0.002512730338833583
-0.002715670838036059
0.001157446184738617
-0.0040745481418474755
-0.012753578164996313
-0.003255354542757302
-0.007389281997983054
-0.01443101846268302
-0.00468498251563034
-0.018177163996012963
-0.027116407996227037
-0.00880194790074665
0.00437425348326237
0.01153236636997948
0.005613254126608518
0.010724385425433226
0.005970412795905758
0.005320352496498654
6.093792889537179E-4
-0.00798868770181363
-0.014585218932255914
-0.02222709705162794
-0.030191245189433592
-0.008395235967062525
-0.023835329700356896
-0.026412894339362447
-0.023989931701024658
-0.011772432653847711
-0.016694408694522746
-0.021839325126599234
0.00998666355304935
0.0020692952156915545
0.001159609151932293
0.006344349978824655
0.01292949127238711
0.00924945135173022
0.022275408302423118
0.01179269892172597
-1.136862144031402E-4
-9.984568067135458E-4
7.709852164624643E-5
0.01418805619572364
0.009499648271127582
1.8638968136642283E-4
0.019722085301188796
0.010063672603110089
0.013713460456226127
0.0217998523582628
0.03433382788356339
0.01982745187195204
0.002920452308014466
0.016338902135120185
-0.0037287933740002893
0.0019304635813866796
8.544625771585851E-5
4.4696639965542597E-4
0.001296551155307698
0.004178167298525922
-0.004122131511695804
-0.014945708636055894
0.002591764198360374
0.003883709729147071
0.0114076850556252
0.005185130241849378
0.007417287904927143
0.010998572549206893
0.01074197301600838
0.008627823456283098
-0.029467864878226828
-0.0354995634048859
-0.005793277676970951
0.010095504788311074
0.0032460344551300457
0.01023295887271598
-0.02295496952556684
-0.01458296761636115
-3.00459171299821E-4
0.0058400744331184055
-0.004771438404423128
-0.0026782902161370005
0.005339311232890233
0.0024306192972137113
0.0016908562197656294
0.008867101885175636
0.009088982150278448
-0.011967728950503239
-0.0035160650313260204
-0.003250495480524332
0.011977289094065605
0.003424782697635554
0.007100263242259818
0.019258426391337118
-0.0012898094038070202
-0.0018632035502641258
-0.010968887377438985
-0.00863930935310245
0.01287344704862408
0.008868804323589562
0.0072171085919932884
-0.0016612035347840807
-0.002675244602800245
-0.0029652528744912865
-0.005028930050415467
-0.004534437212509585
0.0010248602120322648
0.0010186099741667136
0.009951105129961516
0.002863674345193654
9.065139204238615E-5
-0.003499727238172867
-0.01855496572816031
0.00792573259951095
0.003903054369502108
0.003439411759301362
0.010038468360658158
0.017711456642244904
0.0010338452094506125
0.017093302658251406
0.009716771322448754
0.016417602061515716
0.013547659879362458
0.020861498935095417
0.02872066407240518
0.006300878747959922
0.014577296973715393
0.013753149877374495
0.007061074991957157
0.004187876223425033
0.027755274899216663
0.02105005067092902
0.018248706810825865
0.01259846354600173
0.009174894798938845
0.016900909758651578
0.01481268841762965
0.001684185052068442
0.019354280064993512
0.013373850583581239
0.008904006382480886
0.013602314098609916
0.01544473164355328
0.0024644506645867476
-0.010354096626789242
-0.012282247087545665
-0.0048776543546916185
-0.009423809076441077
0.02158768579903498
-0.003234902149636217
-0.004940327026269586
0.007299474534275913
0.01511606745508269
-0.004666742731088042
0.014203945251990441
0.008292577082006265
0.013688498457883776
-0.006743029299773083
0.00249414255478195
-0.0014898774878605373
-0.018661611395418536
-0.0044470618846673485
-0.031786370503768424
-0.030919441433831744
-0.022729156492004337
-0.028464051731303838
2.5103691904847236E-4
-0.001488728641705816
-0.007543132056707685
-0.026369532392922557
-0.02484467876809387
-0.03118072081617494
-0.019379713653345308
-0.023389734240382563
-0.01439565673451556
-0.009752431210328304
-0.009634008755132302
-0.020229129328070704
-0.004971770778768666
-0.00360853557545102
-0.02394280899866622
-0.015916160426388628
-0.025780415244549586
-0.010053616896734794
-0.011407771335415906
0.010887336997426632
-0.011778249247784336
-0.010238103981498438
0.0063999162174482776
-0.006684910131767749
-0.01237322985951929
0.025997729942022985
0.00514230350865113
-0.03379751024514703
-0.020766130134004572
-0.0056493167725042304
-0.004748271961720388
-0.01098100518490333
-0.0031593012104548807
0.005334548191795707
0.0013792539358845031
-0.010687152235777627
0.004175567759226592
0.008555673257685095
-0.0020862245588362657
-0.012267131951953237
-0.019519260405792407
-0.013868928682746338
-0.0424793673103965
-0.03880117761454525
-0.00691527792375198
-0.0021370849977839336
-0.021224978814397447
-0.02929668063691052
-0.019117684486134767
-0.00779934902906591
-0.005210576306908526
0.0157185677307432
-1.7920800383181435E-4
-0.0026650037841169875
-0.014460011709398559
-0.027348550884125966
-0.040898844023240434
-0.043229793557897966
-0.03077017378644028
-0.02307800500468656
-0.03648330390664635
-0.01591297626495642
-0.023841531540212704
-0.03320248589309452
-0.037692838916734
-0.015881203667634614
-0.03319695709622101
-0.0018347203348283176
-0.03628609411932785
-4.789537490311451E-4
-0.00698865584123149
-2.4684025232063565E-4
-0.019404325240676198
-0.01980613324433698
-0.017715087246138413
-0.008489267635333914
0.025581861039180948
-0.019127186817038504
-0.030699792687834623
-0.02809702933128872
-0.023579245898324584
-0.013789375694426809
-0.012121696547266664
-0.007220796013799494
-0.010117952526802282
-0.022618516433109775
-0.030869552367990508
-0.025916240667503886
-0.01336698525797099
-0.004688930497086794
-0.035078063283644136
-0.01910829662795216
-0.016047508157244095
0.0032940524388836443
0.0036128223617257317
-0.00870995040974446
-8.422664726855274E-6
-0.0020889774244125256
-0.0025785415920802166
0.007282700921088843
0.005221109717576785
-0.0018656924949372513
0.01033642281778354
0.0065059685219204895
0.011348132582016019
-3.723464054462668E-4
-5.347988908898397E-4
0.007470657849820585
-7.597032856672637E-4
-0.007177555364624988
0.0051072923262335404
-0.029752348215603627
-0.02138759182724145
-0.01826897899769982
-0.008933954138329916
0.008259683841012982
0.0035699295276855865
0.004849373997380208
-0.003014942273270949
0.006049768506752345
0.004756824830003261
0.007789443541123161
0.011825480084047886
0.007548406979036246
0.012472886061546964
0.0033039288315306467
0.005794454963844312
0.014256801256953569
0.016582117443500445
0.007895632849549361
0.0027178364551961936
-0.006658432371318847
-0.005076999390869858
-0.006093698175443355
5.048787488254299E-4
-0.010662618621418464
-0.0029721559968774952
0.006910929643321345
5.570319614371282E-4
-0.0053320077226743
0.01564435331438686
0.021508881747769413
0.03047349243751487
0.0226187367176019
0.007128041312142193
0.0065104926841917455
0.0015119157144075955
0.0019935268675965673
-0.007147477997502486
-0.025762824946250734
-0.03934548291879323
-0.018211192851785064
0.002146072149532317
-0.032884065749899515
-0.015625417029717432
-0.00825161522886957
-0.012274673962379794
-0.03965551411769392
-0.03816356667402952
-0.02392322843721881
-0.01237088370840078
-0.011907005726999605
-0.018869473653555135
-0.038258267090031196
-0.030027948160890265
-0.046016202632670034
-0.014039968519953155
-0.015474765581958337
-0.021332701376514066
-0.00924690302851714
-0.002362431547544357
-0.024669335096682756
-0.0075872165210789065
0.011207044449503174
-0.002783227510224846
0.003330338267419966
-0.004328478413081312
0.007627043515210006
0.003199190341029004
0.0011099504568876312
0.004550300376263546
-1.317341883871389E-4
0.012937757331740941
0.013086865546645721
0.0016010078139308123
0.005485010141084111
0.0022496890520696854
0.011292718144018377
-0.012508761917810486
9.362734115650048E-4
0.009481898237928707
-0.02564740413779196
-0.041283542464492375
-0.02544815519653539
-0.008233258045529098
0.0040733617210694266
-0.007828200515058947
-0.009801126825691262
-0.008328961439303749
0.0017361000751850665
-0.03935151005931228
-0.03156756520135426
NaN
-0.03138263990340826
-0.034350424845968494
-0.037284582169957996
-0.05203883961927181
-0.0377313609069231
-0.04317339543512386
-0.009666461430660729
-0.011763366198188858
-0.019682293447214637
-0.009830381748063624
-0.010777167607503302
-0.02489359650382489
-0.0312900515126442
-0.004387570721255696
2.762021093295824E-4
0.00538946777244012
-0.0026550898518400137
-0.030139531968555292
-0.022676701663323355
-0.038538760998644096
-0.03725793692702665
-0.0455557884454125
-0.04207703822825689
-0.048610930683438344
-0.014647863192616593
-0.009778717970853784
-0.023984601158278128
-0.016666905202515694
-0.0340243277670282
-0.03111251593525364
-0.013563076434270828
-0.017712279570244318
-0.02007664451864742
-0.03072085061343002
-0.026696599378649027
-0.022696387985998136
-0.010723507605181705
-0.009352798941203671
-0.0035194844251906273
0.008525606583957297
-0.006575746534584561
-0.044117466181670104
-0.012918587968474672
0.014557745289066226
0.002490762914305317
0.015977628583038174
-0.03537972838480696
-0.03872566373685742
-0.0378446289077634
-0.040385630344152997
-0.044107647667785174
-0.06351580248580233
-0.04708384896648248
-0.019700543631864378
-0.020000920750290335
0.0022897572405446943
-0.022512044195670176
-0.052746525451010724
-0.05043229767346766
-0.05313979498251048
-0.027356916920552032
-0.04518142263424749
-0.04388424244859846
-0.033460446363544616
-0.04641630634890824
-0.024265124876563442
-0.008401234129222647
-0.00392971391085331
-0.01869285302719003
-0.021832553368615497
-0.0065142776147495
-0.00810378336869271
-0.003888983004403208
-0.015134914613807046
-0.053445440241883836
-0.03594141612319387
-0.04339578444481206
-0.02985951237039127
-0.05413069688004328
-0.04301522244851195
-0.025424316248654356
-0.02367075708567639
-0.010107355419025035
-0.02451146208907764
-0.011945943336681801
-0.03325753378930323
-0.0277294129542243
-0.03264078561793109
-0.026588855566166553
-0.01714166977065889
-0.0016667104917102065
-0.034590778552989615
-0.032335060728993496
-0.0327546825719862
-0.04422299302719187
-0.030931388855036934
-0.04390446645972674
-0.05865364648873385
-0.06044657314734615
-0.062185420006182615
-0.06482182135196267
-0.05673213296529304
-0.05800478370036087
-0.06505854504447944
-0.060530121852388694
-0.03498668160651694
-0.004652010939934503
0.01202415210038978
0.004381339729444828
0.0190014075351824
0.013315067714562437
0.017831233931685772
0.01766840413985736
0.0011906829107037652
0.015322095259178319
0.011776513604719777
0.007133154366886441
0.008270828144989906
0.010278735354461908
0.015374608258358742
0.015615264497018253
0.019631986418395624
0.01093530263098223
0.010908729101978026
-0.011120840363071035
-0.018915124207022217
-0.00457946458233187
-0.0025233339232100136
2.8510367443451527E-4
NaN
0.007132875096998176
0.002839830859992538
0.015853214260843494
0.0015457999184249312
-0.008693023940610044
-0.023398087672137025
-0.019279843893840996
-0.02438164772876588
-0.023513799755648327
0.009524478526308378
4.6283024745606086E-4
0.0056861440100584885
0.006195390284079502
0.006461554601983696
5.649687315895094E-4
0.0071352680533242905
0.01682847001403332
0.010765945981526769
0.010058879532551392
0.01403697110939944
0.00435653205192416
-0.0014653902454010099
0.013272672213965508
-0.008235461321198916
-0.00986713785227389
-0.023708481094968238
-0.004762572399002251
0.006518197088751037
0.0017179517897833582
-0.02261211424970713
-0.05013692306037861
-0.043773390549814564
-0.04533791357900553
-0.03993304699248379
-0.014380793169788342
0.005630717338027222
-0.012654526597828852
-0.02416356560616905
-0.02663232506462136
-0.01579035808135737
-0.017085250906032138
-0.022152379600601315
-0.014805029307353296
-0.023867582379890437
-0.029801267973453262
-0.03942507616216979
-0.03237207134567202
-0.033002680241871335
-0.04031725335812926
-1.2060488677942665E-4
-0.0022937196941874094
-2.2991816655678048E-4
0.00718847168047337
-0.0027459273893533555
0.004863244846074964
-0.006615864809781077
-0.02114206517538526
-0.048170948709838485
-0.002834864671918359
0.013601072059297729
-0.009151879683863
-0.029705001526914965
-0.01622588171841351
-0.030460579222460114
-0.0240392837839649
-0.010836694588819702
-0.030477466329305505
-0.027933497704988305
-0.012342474423948415
-0.01639074194269955
-0.015603797799067287
0.019021387888999493
0.001964856859913446
0.00601678506314901
0.003430001643941049
0.004077170039764831
0.01797050120905228
-0.017983868481504687
-0.01770235279458277
0.004368558919584484
0.012494993488785529
0.01704079429331361
0.027324238807771163
0.0064615171353767506
0.021648513328246098
0.036938567263619944
0.014964339069642237
0.016231933651536024
0.024075233550361223
0.02286423001667943
0.020268247909876736
0.024093073435164078
0.005957889613491345
0.0017081450505591874
0.0015334714198921321
-0.006361531884777668
-0.008224790554989295
8.167368598657526E-4
0.029503269866441084
6.725605103589591E-6
0.011686407337143375
0.013200020527067091
0.006542624515703486
0.004757743855147476
0.016302644670648143
0.01783607605845018
0.014321590307670742
0.011020029734321042
0.022781697914065917
0.011545859589391312
0.00782817810291275
0.016486466827407408
0.005734386496168325
0.01293365915586743
0.018193863243880334
0.012130429363126874
0.004679647428710251
0.0013187816389382797
9.938139101136646E-5
-0.002224051914590351
-0.005169199067176595
-0.008512963563346292
-0.015984276301370476
0.002439377115984769
-0.0020042045289244076
-0.010738626495282228
0.04691807407927563
0.013056562658284889
0.02345710626443156
0.018590367885354658
0.023844284254173155
0.033343995604523696
0.014859720557679184
0.015449548967827707
0.0150644039137618
0.027827693802198676
0.012098603875575188
0.027929838656901823
0.014149615278803488
0.00695250618238728
0.005776195651234369
1.8407351500976474E-4
-0.004284814812835831
-0.001527695429046157
0.009185157274564943
0.01224330670679169
0.013434729078527673
0.021145486673553263
0.044122359288242166
9.20659580501782E-4
-0.0033868540535320797
0.0019171242964785796
0.018795591777676677
0.02466396028573376
0.01648508297710504
0.0076749837320955255
0.020242163588643343
0.011332197446278915
0.008135573959130876
1.6893379013310783E-6
0.005442916049402555
0.013256666499348993
0.01941414285350373
0.0081402008916109
0.010846559842933819
-2.9567052231526704E-5
0.01730576462165933
0.011407435179177545
8.096279045029424E-4
-0.0071435916327007645
0.011566901493111886
-0.003240906316606231
-9.362715631106222E-4
0.013004192737833334
0.028714714851677044
-0.010854426476969267
-0.01152301873172281
-0.016001422125213754
-0.0015625113490093144
-0.01068167364707951
-0.004846428088072906
0.002096379232251395
-0.0018281081328895528
-0.017052081937088057
3.635376003602699E-4
-0.0015804760748347225
0.01235788058583124
-0.007715796001833421
-5.750071176570835E-4
0.004264110965030842
0.006047067037501617
0.004725981482744835
0.016182334809409945
0.004968354761851261
0.005528542943810457
4.960701612647554E-4
-0.021547834376488214
-0.008641349106567508
-0.010782496849927714
-2.1086624669053224E-4
0.0028617778136511137
0.013477998423365521
-0.01455752620979539
-0.010172427642987349
-0.022120127113912365
0.008354751683991947
0.0015625989840034335
0.0067260703047812955
0.0166460307204676
0.011235063952764548
0.013690327133260776
0.01803184996862864
0.011161214636372905
0.01264298053502514
-0.004232862160419241
-0.022693234739277462
-0.015567915019449804
-0.02802143102230852
-0.017985644066514334
-0.022713971787375168
-0.04367200831758541
-0.0270343675960303
-0.03173987056864297
0.0035946219219642342
-9.791911953122697E-4
-0.019270228812595217
-0.028690932986075928
-0.011708088904997974
0.007550993007612813
0.01043820928738166
0.008433827104520734
-7.066247769315342E-4
0.006795773115583321
0.014257283052994393
0.01064312401667996
0.018627429536293948
0.006605044534850452
0.013959644771073514
0.01358068293824791
0.021151815290933147
0.01713970592711255
0.01898908549611266
0.02216696712323138
0.01786838440187739
0.01043592154977505
-0.005798953276105338
-0.02722561644049608
-0.042425258579564494
-0.04021110964967943
-0.038171603728048065
-0.04736097111432667
-0.043632477812290654
-0.03870152740632632
-0.03759099690479986
-0.05127961079157858
-0.03699877815496051
-0.040252021288763234
-0.0443134176713187
-0.04455603751720465
-0.03495202987315419
-0.037768598478114916
-0.04535640118554351
-0.05155636120490024
-0.03278181957773241
-0.05154119961490376
-0.05680128839720502
-0.041063971735527054
-0.041384078234689585
-0.0383604677799251
-0.03321596790435933
-0.024968486942925985
-0.01737710063466319
-0.008946274554770386
-0.0042950245212284854
-0.02997698592815195
-0.023302341981783395
-0.015002027399167214
-0.014919147063408404
0.004326382826164355
0.005854532021055815
0.014745055883785357
0.022366002676696913
0.013837825873673475
0.010728683738793886
0.014109633176176369
0.03492413950294408
0.015150191242022507
0.020294586591674376
0.014960237593706564
0.014636903596639824
0.012814113992091855
0.01944724959880559
0.016784555514796646
0.013301761179844083
0.01654536468424338
0.005623816404541908
0.012026567933615891
0.01641981064005118
0.007187133996950546
-0.025326441516152133
-0.011830016392175523
0.004016053132996251
-0.01649408173848039
0.008564739433479702
0.015862700135971942
0.02256306967154836
0.008812799719437506
0.006320964251665844
0.01009076585195439
0.0041021095929636665
-0.0169759134282247
-0.016672351481550496
0.010881175222427802
0.018697031287401283
0.01680441936467212
0.015345968601057382
0.013031653239787916
0.009172439373449123
0.01079051429067213
0.012740219418917148
0.017678383248532076
0.045662651490967446
-0.0036532490320323793
-0.025946138074657264
-0.025808222239293917
-0.031032664310126832
-0.028754325556324966
-0.00388580763473493
3.2269442885650163E-4
-1.5277425635206072E-5
-0.015241804502787556
-0.013522509978645429
7.860957059853306E-4
0.00648309793794672
-0.0011737864202329591
-0.027357443153673586
-0.034670468871388894
-0.03416705323230805
-0.03505671368330122
-0.015474662723173115
0.0011363527277415764
0.011014960320690832
0.003318759123547601
0.001627319637040033
0.00835022201349182
0.011850225749622759
0.013985680815597736
0.031164308818323855
0.01362772474127917
0.005847669253366115
0.01600115209233461
0.002343531462778866
-0.023853228147315202
-0.020820216465530145
-0.00810117079938986
0.011021481553715368
0.012449264662598467
0.014145966842973725
0.006815208558054166
0.002700882762634845
0.012043470304915257
0.0146998318412476
0.016483938124441003
0.010737928711157647
0.014167818467368792
0.01760828616441501
0.012588082478617129
0.01949581759040733
0.02196877346005572
0.006278559792542095
0.015600114554886524
0.01272167186336303
0.016902235297013585
0.017926272009876076
0.01181457177387597
-0.0187799756717387
-0.015228292554662872
-0.023858487856986226
-0.0010224159242361681
0.012034312626129199
0.03570573566985997
0.019690267111761865
0.03324252454520002
0.01947437210759741
0.022189690009904627
0.018164973290239514
0.022307089057774076
0.019086289531653373
0.014699169668650994
0.012720249877615285
0.014662985492444013
0.021924356862058587
0.014657950306187963
0.01800787931107669
0.020559036449510085
0.021745026013048764
0.02636236856669985
0.041395768254873885
0.016660342565706445
0.01956828450751882
0.019078083226454524
0.02465032659721167
0.025176782200901457
0.025304375374790147
0.016351075740345156
-0.009436527028852313
-0.01424017726091798
-0.005276117400369784
0.003955932624097393
0.009713302293376535
0.006626960849604502
0.016364963587920348
0.022411429515010517
0.015679703497328615
0.018611593965428257
0.030453580670216196
0.023631645195351905
0.017098995258912734
0.028336388219182523
0.019799140611032627
0.02038146937946996
0.007512937141283447
0.005006346057463179
0.003204725232186103
-0.026567062123868015
0.010254385616886758
0.002527054720509404
-0.014628261928327849
-0.01092863883176096
-0.027305125141949042
-0.016246879764241936
-0.023040381340880246
-0.004345603710587127
0.021868731187540253
-0.007501329935413585
-0.01711583091596763
-0.020697209862758706
0.010850292351854186
0.015687183129473082
0.015411982161009176
0.03520669898678454
0.028672343752639946
0.010896717599595616
0.0023312042896495985
0.01855681914554611
0.016336326091256063
0.006487783288227934
0.03353918848684834
0.050936298621251805
0.03888382176475506
0.026787157567274865
0.02076308582607447
0.019820165216487544
0.021184458270189787
0.021152862999141746
0.027222256655848702
0.019251105451444723
0.018691119931058923
0.018018214043426784
0.021031223917257112
0.026199933650615313
0.024804108682127596
0.013806325685150275
0.019894671790701517
0.023491244181914978
0.02164925156906212
0.0016303528996090182
0.005530407347381823
-0.006634316952631385
-0.026489970887163587
-0.004183655859567585
0.005278045297130651
3.176151823510538E-4
-2.762868785633884E-4
0.008036364014764246
0.007283965229492166
-0.006618054313289877
0.01768930287486863
0.02641286636254961
-0.003428631083445562
-0.0016880966940749998
0.020124232357026022
0.028192032590798922
0.01568365221696028
0.01272533046660711
0.014765774578440579
0.013628098083676935
0.021100614067266914
0.016687982440493583
0.010093941430902743
0.01328749528323167
0.018484266873016984
0.010489723297213888
0.015732204876252247
0.006382817682884372
-0.01304063735076896
-0.022945057081079058
-0.021327895313588818
-0.011413489514121817
0.0064712395487075735
0.0214750130487639
0.01481993291138874
0.015321277453321094
0.019559842124279737
0.03368006370629213
0.030332938760200066
0.013125072446512398
0.02453610322652864
0.014392910536838024
0.011934516771725846
0.02613783678316916
0.02302320467447943
0.02856107369448209
0.027695875011831003
0.02576257471420837
0.025953890367788023
0.023311039459498594
0.015034348349665678
0.013352211128021922
0.045434015044880594
0.028980470909437547
0.02758819622905801
0.020828426484739548
0.0025044085786298078
0.014165554261881996
0.007220429777815837
-0.024336841916640563
-0.03106281720826577
-0.01643898296716445
0.00923047215340431
0.009243601922008331
0.00579145823178344
0.002402838028835049
-0.010369414337953747
0.0013514614194210421
-0.005544571439063924
-2.3221400875995338E-4
0.009017837101835815
-0.0010107973330804945
0.007888611649195396
-7.603248216050571E-4
0.0074328202419717505
-0.02063369901747188
-0.038083696767587265
-0.03131140328144275
-0.03612903935550749
-0.026540216205704306
-0.022210621585274055
-0.014127927898359352
-0.00253096656777649
0.012747270112560848
-1.797684727926699E-5
0.008064592167450205
0.003884287829440958
-0.0061563870285827995
-0.009114869604617496
-9.256479414801776E-4
0.02514954880720123
0.023667472146981654
0.013068422678300867
0.015487273612654676
0.010137926326605682
-0.0170219806190744
-0.02617406814217661
-0.035668528551054526
-0.02132746767359214
0.007351367915361688
0.007167292982357724
0.012151297801574468
0.013387223016992612
0.011467935292968762
0.03476163748610669
0.02388864929284864
0.012917326145769036
0.012239943986462144
0.008987342616286143
0.0010940488032827106
-0.009490570869486261
0.02093814894524035
0.008475689981684083
0.004961488990463573
0.013249036689071274
0.023889191894857255
0.01719383160071161
0.012891992903545337
0.0032343178888227892
0.017754725740968123
0.009249058300363933
0.018884301121951955
8.862313129838094E-4
0.02008444333802419
0.07818793070173062
0.024945361889871127
0.01817003927763262
0.020576991543130477
0.028183998483747454
0.015405787502960587
0.01592140287924825
0.018377214422985972
0.012778723021793108
0.007299434964694801
0.020691281911279186
0.012335658085701275
-0.016607881754549615
-0.03534861265585089
-0.031760115377327314
-0.01931694109237435
-0.02673197599289759
-0.02899309864277232
-0.021701815949733354
0.00348495614937287
0.036627049017570114
0.013054123969148995
0.013134727224775235
-0.007598383400938801
0.0031292712706138233
-0.008071656532665436
0.0108568670560408
0.021114653518907598
0.014757352705395708
0.010358936806830098
0.015372562420713831
0.014038837472933892
0.008745680790625383
0.014398544245506937
0.016676601255341202
0.021871382984023274
0.016048638466250056
0.008782425673695866
0.025619248677793742
0.028585823358041218
0.026768044931544353
0.02450885363692954
0.020000047936383266
0.023044997563376125
0.013700329914251987
0.019826746877481052
0.022702209152431187
0.025357104312143927
0.01661238850390655
0.024539764358107653
0.02544405078021135
0.019376746856569607
0.014723909889559454
1.6724804641519118E-4
0.002344982521036025
0.004769172364665001
0.014106369862707118
0.005703477172082049
5.877854346327165E-4
0.019536597345427904
0.00928999143952675
0.00466728607890702
0.013781171280814849
0.016796926727049834
0.018601425762300092
0.014126464430991515
0.013109678518958234
0.010982776641279099
0.004946617883213285
0.0029174005738385337
-0.016843341065257464
-6.415011138005758E-4
0.020817813027034424
0.015722170127314174
0.02040262086672622
0.014250955810551007
0.023937218599770202
0.018293071759819722
0.021331747726488458
0.022445284778267457
0.019417528514498274
0.026054917220057455
0.02641959414113615
0.024993721688299587
0.02465277875736948
0.024805353590494725
0.01630233907963461
0.01822833680861849
0.016412701189022674
0.018549612410921294
0.021781657084261954
0.02080788710507547
0.024631870371414823
0.026251095499662258
0.020618948838622326
0.01279641795982344
0.017652655623202444
0.016562386916758286
0.012664390979158866
0.03975861882566171
0.02822434181880698
0.019569131289949724
0.018513421227154905
0.020442503262472413
0.025684934960757716
0.016650882675463354
0.02773384457929709
0.020889095342133897
0.043502108883857596
0.022522569529247666
0.02327024581156254
0.019539349511195812
0.016705396028666518
0.023111280380809784
0.017923528915886926
0.028137594994899852
0.026459501129441856
0.02324711535016745
0.02269983671257135
0.016797249692817665
0.011914372368445378
0.01501467565132077
0.02318821752757188
0.03093145247918217
0.026239257046971887
0.02660140148903737
0.031374432424359305
0.01812813768833043
0.02663548049627617
0.02751179765719177
0.023348632692986596
0.02277273124272043
0.033678292246874825
0.025991994254090274
0.022476256615386707
0.0028382365456990017
0.0035569929744185365
0.0030004516195593625
-0.00775672711540037
-0.022629718747994087
-0.014656907263725195
-0.015809088354870812
0.01143959349190702
0.02090076176575916
0.012096963808196557
-4.095096183824552E-4
0.003939233067814686
0.01971728688156624
0.017226305852593944
0.026244385778250584
0.025594180574217716
0.01900100361401079
0.022297871243221194
0.022964560147032843
0.02103171391417982
0.017837745173451183
0.018946456210268813
0.01575683677314785
0.01810557401471493
0.013109102195635446
-0.011932907518058353
-0.024495994357476247
-0.007939014916510266
0.007514150455740525
0.012579231376216252
0.0181314467336354
0.013565452982817906
0.013412939955410527
0.013570766945073962
0.010561002299259
0.02375324655410386
0.012387648192736179
0.018311885841577908
0.01754289743008749
0.02344860122214623
0.012276622584689464
0.01196182526898847
0.016191552991311985
0.018600015828831477
0.02207283818247036
0.01800575650230986
0.0033041339697493276
0.008136526930045622
0.01167312226176525
0.010111181321005906
-0.008070973016109104
0.013461129410997447
0.017408296491338477
0.017543915697438545
0.01868391896449035
0.017654637913285986
0.02694347625084531
0.013437195162816083
0.0192169708991371
0.03550941929421467
0.013599744762344532
0.006409243079165063
0.02237060906968445
0.017384594072757477
0.007727462744837579
0.025121922204993284
NaN
NaN
NaN
NaN
NaN
NaN
0.03396139582311503
-0.011763129497040253
-0.014634976754805264
-0.015997271810108567
-0.013630383064513406
0.011459250397207632
0.014721397619727399
0.02661079428552239
0.02018272675120222
0.025214102443857446
0.019948281148371452
0.02270764568761372
0.02030045212361196
0.018459226131698127
0.01677258487722017
0.012811070067368924
0.01303666769965819
0.014336262569680111
0.009717881161045355
0.002030537964228615
0.005755303507014912
0.011007371361506153
0.015950533649875625
0.015343218514167842
0.01642895551221765
0.023209115803946145
0.020798601226544488
0.01472611969041776
0.017601818435270995
0.019324465638968596
0.018139236719226844
0.01477068139335187
0.008026648619402707
0.017245393442483072
0.022724548345125346
0.024380791785465233
0.01782219611410433
0.019189489305894196
0.020049859916941203
0.02616076265447622
0.021859720469845936
0.027203069016674283
0.03049344137035479
0.034410991230823265
0.017609333486116326
0.016061456209942686
0.012878603519765917
0.01314498038677903
0.01822254085559749
0.010644101722676907
0.01835256242301858
0.00719807162656732
-0.00617325983895508
-0.02210423336902779
-0.02042166999872653
-0.009841935212485501
-0.025017929224621795
-0.03684051464049203
-0.03962940399203827
-0.027315465691714072
-0.02136582220534208
-0.021372168684191454
-0.029831215492359106
-0.0021011499244291488
0.008168307460872552
0.01076954581065432
0.014907398533591177
0.017652074742135995
0.005179628141244797
0.01184771473276652
0.015769381548426456
0.008374823704004247
-0.014119780087689413
-0.004049561321100396
-0.0035326844700507695
0.005520969005616989
-0.0028881624057159275
-0.0038609778719769987
0.009649575307221537
0.015924352930567636
-0.007909582684487607
0.012517887395763753
0.015767184195781186
0.01897091406401687
0.016262507676518486
0.014256262625381804
0.015737483629589533
0.012138475343591398
0.004895675786380819
0.008416429947100661
0.004800638161076949
8.227021338780812E-4
0.010298225175626511
0.0044747761275060775
-0.011976512919047434
-0.008655903630790975
-0.010704648072325781
-0.015263704895121482
-0.01449703716549769
0.0029789679663759132
-0.02893964466890344
-0.03486251996384151
-0.02575056074723821
-0.014713564459166599
-6.218435378412893E-4
-0.0021101992028090665
-5.224617120516148E-4
-0.006036734628276258
-8.509736299162586E-4
-0.011263273253813343
-0.032191878416970236
-0.020075316322170262
0.002997021695964262
0.0058139866965143715
0.019878141669367272
4.083817917816413E-5
-0.011834362097132529
-0.02973211534044172
-0.027521114396838003
-0.010413803480575154
0.015441856965903538
0.015551687221797963
0.026831683320994663
0.022138903064904774
0.02094642574014087
0.019441425531618657
0.016258847137940124
0.021332774981745073
0.027180180412995095
0.018454544173542326
0.021652252908465997
0.01930647363173313
0.02546820697694134
0.01975562928164039
0.01693947486638803
0.017932082285450065
0.013271127274314537
0.033462649253477944
0.016118853043485034
0.01612588406896776
0.019528682253452855
0.019806337221161714
0.03430159988262229
0.016632383899606112
0.029521223858897543
0.007871888530374037
0.020029550354122166
0.018147570968983194
0.019686248038652602
0.016599314088921863
0.019709355864009993
0.017047555858873863
0.01832632583557984
0.014761037268663058
0.00935973578544011
0.017869226865021005
0.020737213411110785
0.013562998663930056
0.01727490658914939
0.02013553964056965
0.019953975680685517
0.007597320054152939
0.00824966628418771
0.011450924850240653
0.006073786790393636
-0.013613157638763192
-0.010146727565856722
-0.010365245330913625
-0.011562632605240455
-0.02497786992820841
-0.017502200502329267
-0.022581042226632153
-0.02860086259948251
-0.014813657155896427
-0.013114594173915854
-0.025398771845677185
-0.01697208003061151
-6.720825992300138E-4
0.004904785334657872
0.01071368743633027
0.01070921891910825
0.018506135253290448
0.02426328604458572
0.018324267511686913
0.019490965155583434
0.028526971644601537
0.01747211798835329
0.009600307804360539
0.01794144475745326
0.022742555334224767
0.01632456678273164
0.02535966302446554
0.02704388016989895
0.01589005250770809
0.01850465296240802
0.018625846036457602
0.02288863489720794
0.021067125186733197
0.020533065016480695
0.017666680880912857
0.027596989296272606
0.016297334801059795
0.015096379722607859
0.02441386840744192
0.016967716937411587
0.017642464489346733
0.02148860493409285
0.013925421565348421
0.01842872657039523
0.022990457495967013
0.03371469172322876
0.02193711063985952
0.02243983621909699
0.0185780201927008
0.015993208698931893
0.02451942499317227
0.027336422696423106
0.02704669316058956
0.015052738379894588
0.02608334995237041
0.024760986927923646
0.011698889125180675
0.016204330411505843
0.01567158224058861
0.00244103011762603
4.0582769038098165E-4
0.01339262605638861
0.014843972841291759
0.013900481314698895
0.012309912418190953
0.017731449710956425
0.017371278654726683
0.019687127164269614
0.039525412868903105
0.012439403069351953
0.013128373497653376
0.012061424120265694
0.0173211013028016
0.017675118166559468
0.0072570687723963545
-0.008515613327157931
-0.029082462415246126
-0.013211613646132608
-0.013401181177461537
0.010641348516806107
0.019403391342427936
0.016340786114141477
0.018093602912450577
0.018564651242794532
0.013105012176579289
0.020597780116158364
0.02220293243015785
0.01946769824450667
0.021211328657509895
0.016006693837459427
0.016111070086923154
0.019191751718458425
0.013645396377750411
0.009402419545734581
0.014086146998396984
0.017219357274963973
0.020533847837879763
0.026043351051770698
0.01640310743149222
0.019532464113205597
0.01698241040052723
0.017732162186133108
0.02295453103093527
0.020541297503035842
0.020046023752348166
0.018061035590954826
0.013936736769399001
-0.013286238610327987
-0.01202624488244967
0.008987677946678319
0.009847379057217436
0.008197200300923232
0.008697474349975278
0.013425046746368234
0.007402200141116154
-0.0011503634855041679
-0.0033274808610600825
0.0027743079351086773
0.0025360985090212224
-0.006857784808091448
0.002840833103409394
0.019535806488117848
-0.024848798615909943
-0.026343757337677836
-0.009112000131134406
-0.00979774330214422
0.0047467030754954525
-0.008768584543478244
-8.605526804945822E-4
-0.01274454214045848
-0.023085747994450585
-0.030202804934647196
-0.0349324568603842
-0.0359155789512571
-0.008385253729246358
0.0025824083408372963
0.0021099050013545497
0.0010231661323346483
0.006027230793767332
0.001977161402082533
0.004741658015976019
-0.0038089912837421646
0.0019850836174547986
0.006578119600894452
-0.0031659658122418655
-0.01584199679643201
-0.03206459372104682
-0.005555257759411394
-0.018097613516895303
0.004135927280294867
0.0036450268103183974
0.009384955996487285
0.004474169930626674
0.009810645328965226
0.005115942784428683
0.0024908003289690417
0.0013416635856490769
-0.014121461820156911
-0.025454748943338042
-0.03296352228359837
-0.03330948106811806
-0.021402003607306833
-0.01238930597682536
-0.029763163117640837
-0.011053408257614328
-0.012153719983778248
-0.029222963272386587
-0.03327743620017523
-0.028981751191123218
-0.021411017132893107
-0.014151767264468179
-0.004564369612699971
-0.010795981146548467
-0.01311622980483633
-0.017359170252326465
-0.027289064267838274
-0.021975293888229133
-0.008409372466946348
-0.008482945460888338
-0.015414725726962002
-0.0088379983950752
-0.017730015033459348
0.012036417209871156
0.006671738532335002
0.015019970945085916
0.010984506224988571
0.020751221386961945
0.013127211960704915
0.008319561930755951
0.005128963192583697
0.008967201610704967
0.011255514261864018
0.005086211666735314
0.011001929739772251
0.016707446928001808
7.648746019637076E-4
0.005626221367982871
0.010789176484198693
0.023534128298433328
0.008016159970932399
0.009417333528458215
-0.009331107524817172
-0.015578659514427377
-0.01730942387437963
-0.017264489507112804
-0.014978800199767089
-0.020362992747431325
-0.030187651184426952
-0.024002902410575132
-0.018046332333759754
-0.0065037277477978635
-0.0247177664791045
-0.040032008268687254
-0.024460146332003004
-0.029286710214043547
-0.03267083203011249
-0.039143210933206087
-0.03792770082771895
-0.038181387800769566
-0.03873020056080214
-0.03802363027486485
-0.031066159307813784
0.0033433537348381984
0.004143564451416499
0.014868012979553622
0.007741664566903236
-0.005742005904673085
0.011694140197879677
0.043616130724194575
NaN
0.014012215483815791
0.00204432057407358
-0.0014453288351539435
-0.0034619238480497055
-0.011060195429495517
-0.017259240616572278
-0.027680304668523673
-0.03399492268007186
-0.02403344657712256
-0.024926819929956698
-0.03076767193474701
-0.02734481231038571
-0.0144606589493756
0.007704902313840541
0.004553229962555282
0.015681723672733107
0.014241542316029126
0.01625157531528095
0.02289679650593036
-0.009518673406159176
-0.00816816127260913
0.002066206323062544
0.006015228270078673
0.013172004585050436
3.3913115418480327E-6
0.008505015343212543
0.0033416372090025346
-0.0025467635000030985
0.0029012013964604946
-0.009167367084298664
0.009946196628473531
0.009376892187947777
0.015931139513457492
0.017414222837937043
0.020191919612112263
0.006684573107150308
0.014228698305028518
0.007222694085447747
-0.0154241976103099
-0.02868400284657975
-0.02623445084625457
-0.01947184698514729
-0.0204514924937036
-0.00825133909806575
-0.01341290319257581
-0.015263107858881849
0.0016631983369924394
0.003741445299962123
0.01720946815312909
0.008617170514369079
0.003098970208679418
NaN
0.07320189949757173
0.0074552803220579765
0.03836452966084797
0.010462592749610373
0.0050439992175490824
0.009152886977481567
0.009074072034950555
0.005596503771772878
0.04306613698441349
0.012951576921040854
0.005103957211684654
0.018439057917760536
-5.628190082338433E-4
0.0010541170163867871
-0.005643179237970549
-0.013618559866787892
-0.016964089718097673
-0.009305612760821086
0.0022955405503824614
0.00489687010458966
0.011104127586381397
0.015344386151516575
-0.004587739303460726
-0.0218468881388207
0.0036816423464754175
0.007350854353981495
0.029223996016055243
-0.008405022419360439
0.011073798089402741
0.013429090690354757
0.01536152949563506
0.016199051294784668
0.003586572691413413
0.010567042453542105
0.011528776076121402
0.011062547898544661
0.009562906480257802
0.014796112804126814
0.02049704519432981
0.0180237013399364
0.01673986870328183
0.012599220080986635
0.010717877488130977
0.009371599200990573
-0.005137796377372347
-0.021643268123103614
-0.02058033883368721
-0.011000308141522398
-0.022053159201817565
-0.003643903985106991
0.0026862687303941075
0.002843784522831092
0.0012455656012825026
-0.003792664389048794
-0.02108714463980582
0.010613792111848683
-0.0155976274235477
-0.016344185688938744
-0.00450836023033903
-0.016400181493485988
-0.005887360834859399
-0.003868601446893027
-0.002336592714221023
-0.0028581425010164785
-0.003810367320286527
0.0012625495410816022
-0.003979909405114928
-0.0014646587670022549
-0.006485600053413765
-0.008466310508167775
0.006075718057854058
0.007028872102118065
-0.008944952279838906
-0.009912789836699586
1.1726196363611233E-4
0.010483902021908294
0.00669357233933784
0.005932008433525524
0.004847773101392749
0.006062688549633525
0.007453994049492092
0.004426399701527711
0.0021309880007028383
0.018172168705315354
0.0036394125044519983
0.007059104596304767
-0.005523990079482427
0.006818378884599705
0.005986064962041287
-0.004382887432396848
-0.010160890305500162
-0.011374156937549137
-0.007519786257501075
-0.022030712070111137
-0.03137547819239234
-0.03234673048556345
-0.024538143824039862
-0.026617439072601768
-0.03242324411584097
-0.022424735825978943
-0.014567154499739141
-0.021653123571028828
-0.03616872377737142
-0.04885123331940545
-0.04374918531395009
-0.03251115677289782
-0.03670637152636503
-0.03889277595407249
-0.04018623704746011
-0.040668379378127784
-0.04173824285842797
-0.03648525667442204
-0.035204116306042546
-0.020704756269868223
-0.017248371447843268
-0.021063342122692067
-0.018850077109279075
-0.023852752854335794
-0.02046202130637962
-0.020356581768459094
-0.016442268935992148
-0.01095840990193028
0.0033989141866325482
0.07903695861276963
0.09278842613362859
0.09210397663673504
NaN
NaN
NaN
0.09278660047626933
NaN
NaN
NaN
NaN
0.08579274036120951
0.018881976404364675
-0.010952750042861007
0.009424501743553113
-0.0281268691147227
-0.021656012616919545
-0.0102360401959634
-0.010451060653473638
-0.019963692100989406
-0.03306418282279955
-0.03530195200323103
-0.02678197605153953
-0.025145911625432765
-0.04432374084740688
-0.04015557262728346
-0.033072800290941666
0.006050172724292312
-0.021429405481335612
-0.023450507456234226
-0.01829028735352684
-0.029866030262191794
-0.03537196353522698
-0.03217869771960154
-0.023594532654476773
-0.018041311001919448
-0.011128807509445077
-0.014453708257576844
-0.007211574233578585
-0.007818590142505966
-0.014490095818142992
-0.008980306217439341
-0.0059284320583815045
-0.0054347499793835465
-0.0031955767354847255
-0.010686320803028355
-0.010573340353996265
-0.008889296079237878
-0.014308456636295656
-0.007310053415838497
-0.009857602035795202
-0.00856952858851872
-3.6046425908984464E-4
0.0014405337754142674
-9.257341996076179E-5
-0.004509625051774689
0.015044935305844928
-0.010396585835941873
-9.263658760401312E-4
-0.005592333204494055
8.447371784167752E-4
-0.006615689783201528
-0.009138097795066108
-0.007285769139482316
-0.008930113736423674
-0.009702483629858809
-0.006922334930484735
-0.010510555982733219
-0.018703151250984942
-0.025667758451678055
-0.043564422441935466
-0.03612280332890741
-0.02926194535268427
-0.017640939200130025
-0.029567379608551273
-0.028660109890803108
-0.017462604411929
-0.016843398912975517
-0.011731808352763043
-0.008982995263551256
-0.009735842585233048
-0.002018597365902171
-0.04121648246530592
-0.022804224954508692
-0.013441472031435135
-0.018528484890389177
-0.008064464594168586
-0.011297048656527593
-0.007151009581663513
-0.007296991093483414
-0.011712320465724155
0.002675865451760329
-0.015256412797159372
-0.030336679921528463
-0.025471792031889387
-1.6704259668867162E-4
0.03157470570418946
4.2593227762303346E-4
0.0014041423152212794
0.03453344787868456
-0.0281818870232915
-0.02846386699913651
-0.01689123783665878
-0.020737902068866526
-0.022540024854682053
-0.02862932540800387
-9.053717069387969E-4
-0.0014616090569344311
0.06216571608903282
0.020674170396109637
-0.006861465617425788
0.004338657843111307
0.02444358758260446
-0.0029535351838327053
-0.002099590908144395
0.00421250975651274
-0.004550840269559309
-0.006030768081364882
-0.006424750551733131
-0.007119793664747243
-0.011375046407662012
-0.004426321756161729
-0.01254570878525623
-0.0078087085776390045
0.006021549095799325
-4.3356724188337633E-4
-0.021675991252102383
-0.015711141561847497
-0.009351783248417492
-0.0151964204074397
0.0044231159003572445
-0.024609972025319254
-0.023859055971362165
0.0022251216559360703
0.009221138318595251
NaN
0.027998779918665895
0.08810443473050933
0.006348045458188136
-0.023592799212472412
-0.020274982415885587
-0.014189331395870617
0.012002225210283338
7.037743934634752E-4
-0.01307235254165258
-0.02271006948547924
-0.02839964113960833
-0.01244841706545648
-0.015005491960425955
-0.019265292749183597
-0.01514335071614562
-0.008977739382988311
-0.011675181022251931
-0.01148170937132394
-0.039926348633538576
-0.023784154619070047
-0.011509152858848015
NaN
0.03996236663743017
NaN
