-0.07896258717497638
-0.023478678546891903
-0.08241863026342947
-0.057869257130270746
-0.07965308056261199
-0.056193999521210354
-0.05520982655369957
-0.07460387293147017
-0.011635802647048065
-0.008526282493734133
NaN
NaN
-0.06595103650892054
-0.012105003696626301
0.026540628625442163
0.01913106883861225
0.015563861118627877
0.021781841949693345
0.020034334149655907
-0.009704306861780244
-0.007204041825290405
-0.011683367749102187
-0.0096698460572485
-0.007714869930376501
-0.0033301652377011534
-0.0033031054399478114
-0.00804534075771587
-0.007468695780318906
-0.008485009718621192
-0.007627433832282154
-0.006464794370118383
-0.006409218992250299
-0.003884785584219258
-0.008673173394795007
-0.005537182133797631
-7.096255854052019E-4
0.013094992841064072
0.026247630379552394
0.021750144138408166
0.010154322813694753
0.014475462808473437
0.0113804308164543
0.002593885778872839
-0.009628100051055117
-0.016908106044261448
-0.015359439735045922
-0.008177018993203044
-0.007833780480305615
-0.005452266329628386
-0.0045848124711821946
0.006974685311920753
0.020488453667760267
0.027598778785297436
0.023056685747750244
0.023707810418866024
-0.0028020654348051358
-0.017763087867119828
-0.009889455764857566
-0.006074764568471693
-0.007761749134694041
-0.009064878749097838
-0.00848848558176136
-0.0102947578410085
-0.005561120012089487
-5.409846514123065E-4
0.009190998609753092
-0.0012051664118159135
-0.008085640174505202
0.0024689642408134097
0.01977441036941483
-0.0021166539152968353
-0.0096699314618924
-0.016876331343910304
-0.008282466092748082
-0.01234908139666354
-0.012731713476789776
-0.011012684847730277
-0.01123872903399983
-0.007852415089037047
-0.0021822505510783784
-0.0028171409169267594
0.014758831674679
0.01657353516973725
0.01240056162999877
-0.005776800881739236
-0.006781198355070595
-0.00790796767369758
-0.008438190390771308
-0.008039044539646064
-0.004621982125758886
-0.007509900646318464
-0.0016732524442860126
0.005251075860281184
0.010315190360246274
0.008918576340252983
-0.018367763549366565
-0.022893559509256353
-0.012003956771104551
-0.009215101881577745
-0.009978295853798202
-0.013138092887732853
-0.011939618591272943
-0.011014807326428556
-0.0075375499463364755
-0.011732581926906047
-0.013162973778732573
-0.0036517181962340793
-0.005977223171169433
-0.004324761849428817
-0.0017372845085974293
2.165794397521884E-4
0.014513111181309681
-0.0013022454132379695
0.008465390204140756
-0.008048754678772573
-0.009527418741299594
-0.006538602064755929
0.003419677223454758
-0.006116309756210235
-0.007248983070414558
-0.008224298453722216
-0.006497911776747831
-0.0026742207143499105
0.007519301650379585
0.0277155857800278
0.003554335744339789
0.01766325952112706
0.015511781215404613
0.01322876124109172
0.0017496068255783903
-0.011153326219699534
0.006527910209816219
-0.007342329105087163
-0.011445822917987479
-0.002346132339041241
0.016423032914513948
0.029606318319340706
0.014324198049507714
-0.005376835912883269
-0.004405484527425715
0.004662848786096493
-3.127819928101707E-4
-0.012786454530046065
-0.012198793186750455
-0.01980891194542109
-0.011626913830453653
-0.013106354490257117
-0.005362220330480904
-0.01226404457739343
-0.012993696633942151
0.003159138823486329
0.007741400079879635
-0.026931814746695953
-0.008133438196518865
6.767272528197992E-4
-8.341273266089695E-5
0.017647720732615793
0.025186049381575305
0.0164971824631986
0.0010153092144126446
-0.013009251349137184
-0.0067460397119393795
-0.008372172571767903
-0.045266272426691456
-0.01432447676004452
2.503006977417916E-4
-0.008172060314128834
0.01263232916809889
0.006704750110402432
-0.006443600456595106
-0.002969917435007123
0.0010321306743837242
0.004289968749476352
0.010091196275636913
0.012852656522071751
0.03293292381648168
0.046507841094655514
0.040598510781507245
0.03735235621778846
0.04173653504765101
0.02821988961974809
0.028307946801688445
0.013080499243046714
0.007845704705829359
-0.003518918689602045
-0.04051566826070732
-0.0036485607532321333
-0.002035204005309218
-0.0029847653678522785
-0.010318481366248626
0.014448718673867822
0.027522592275835162
0.02733778674341438
0.020181302701472875
0.02109738714935788
0.023113206600565768
0.018095180228061447
0.02237045732328429
0.015870482039572614
0.019521060922818044
0.03139392823101657
0.017017668150526893
0.009441847536280284
0.01650802112415523
0.03132291651357782
0.010292341104771178
0.0202709975155455
0.03496779854360621
0.021425935654984466
0.022176250910180356
0.006511451372839603
0.023170550138415315
0.03835952450555627
0.034271043256727154
0.025150454836711373
0.018642195349424524
0.017596575161925337
6.94286822534724E-4
-0.0049103926407642155
-0.0049453369753482135
-0.02338926234501257
-0.0014015695156096904
0.007698088783610621
0.012259654308013734
-0.00925258607462572
-0.005960698058424285
-0.009646512522925014
-0.012014396115313731
-0.005616123120222374
-0.019551231743201933
-0.011518015081193378
-0.012904406354855385
-0.005410296642752886
0.007925333564862318
0.012315741042995928
-0.002995566925290079
-0.0067718675650375
-0.01047702310100387
-0.006944401254100967
-0.010492192863856168
-0.006669738300172708
-0.011524165852407356
-0.009575783134615152
-0.007164476034721588
-0.00941342176668655
-0.008740397796223454
-0.006727639502867129
0.0021754073140065134
0.012182892848844764
0.035543354115691456
0.011002459859707917
0.017378081827328903
0.02809483171925598
-0.002325436028648391
7.648562390207905E-4
-0.001410079472828645
0.005198067287461904
3.6914629955824875E-4
0.016285745884077763
0.02860046592160787
0.027191434561964656
0.0347914027345207
0.028332093562121432
0.009581247855953717
-0.009099770835426544
-0.019531011493481458
-0.00889896773386269
-0.00959462578018431
-0.012156367260514122
-0.015017583087904955
-0.011866751068736997
-0.02065016253361526
-0.05259288613080882
-0.016767338768506616
-0.017170978384593708
-0.017945969034601744
-0.017134102655515012
-0.01164805522910341
-0.015069488834466137
-0.0223110835677678
-0.012695018016759298
-0.017611197331944942
-0.014386625123519337
-0.008299838414729803
-0.010754200869613855
-0.013986288976477173
-0.016283587345847193
-0.017359188274268043
-0.01568908990217508
-0.011966467116704155
-0.025080322194663676
-0.01635492467778072
-0.02520079706859164
-0.01670180657620247
-0.017149694636610133
-0.019599438790167515
-0.01512611726194256
-0.01954611465446865
-0.017827268741816952
-0.028515621187854362
-0.032490394597868746
-0.030123221557744842
-0.011156587651470859
-0.0035586232110876373
-0.0016034393706642336
-0.010940626400342275
0.0031356467888842177
-0.018431884447448105
-0.008571843448373775
-0.015090343359866885
-0.02382792474532973
-0.05028150221951429
-0.018853306488001306
-0.012497764063532375
-0.015771685375595288
-0.01445408666274579
-0.022639651687846953
-0.02051534891930713
-0.024392338121656226
-0.01261615949701628
-0.01650448308380901
-0.017449646405858627
-0.011458154029923645
-0.00797124113502465
4.81616387018817E-4
0.001570724533773922
-0.0032942042116179265
-0.003501846530308706
-0.0027716252621464554
-0.004683852473370571
-0.0032721697354730662
-0.017237659811570875
-0.00441062416654989
-4.495352625798329E-4
-0.009849580916611258
-0.006137767547231136
-0.006337665975563542
-0.004424984035411564
0.003981056894548531
-0.022745628097772096
-0.008849232123693585
-0.01009244769332141
-0.0038815627757487186
-0.008758700347716076
-0.014802216353823443
-0.016236661060746643
-0.0037908085823151333
-0.01619071940858738
-0.01695902209302633
-0.022186458969301794
NaN
-0.018296558552628475
-0.013719859042273456
-0.015066054344108466
-0.030502294335517405
-0.01697541100745224
-0.008595230262512785
-0.01755224082154229
-0.01326466026698692
-9.415549606537274E-4
0.0055752155375751395
0.0019115301306512583
-0.02708145196848588
-0.01664097473025761
-0.015589804015187569
-0.013251817005152842
-0.0018252887177054276
0.0012402083463504765
-0.0045054215368405155
-0.05022920379424465
-0.002761764587322744
-0.011952575698828356
-0.004406372022863257
-0.009556484694380678
-5.504140827630056E-4
0.01901340043300169
0.018945878731413245
0.002693434586838369
-0.01119110727965443
-0.012528860104954704
-0.00974210542674041
-0.008877832892407898
0.0064334615681665985
-0.004648870114847523
0.027791652996296674
0.03314744338758163
-0.002187995441028776
-0.011432227319057565
-0.016822130376773575
-0.013738673519106574
-0.016008323752559547
-0.01407205138117688
-0.019335030723019286
-0.02157712586408143
-0.016897524310292542
-0.011632086407572965
-0.01507483755790982
-0.010938369899452752
-0.01177990705669129
0.004638039853575174
0.014895374986830023
0.02520204561736937
0.012477074879131984
-4.0546272879223196E-4
-0.006035308204541696
-0.015800194579112296
-0.016108803160173883
-0.013510155860089156
-0.016957291648890625
-0.008740449311959326
-0.01314066709990526
-0.014039114020757186
-0.012311001770062446
-0.01793571690832351
-0.01009159608526349
-0.015234843292943778
-0.0186839231964473
-0.015190800398702162
-0.019609028799593937
-0.01025643913252339
1.5381406876665941E-4
0.0037766903104412856
-0.00579618639212382
-0.0134628010941669
-5.023079941540486E-4
0.02075198553224081
-0.0017703505136238635
-0.01286299010829708
-0.009631912994909543
-0.009842474099204454
-0.015652101124504523
-0.019436417454758916
-0.009761828229707208
-0.01851024792412713
-0.009881919419101146
-0.012658784154129028
-0.01273415339017048
-0.022892390933554985
-0.012085125374777808
-0.01850491947366959
-0.016696038441682888
-0.015910584413408996
0.0014214840950949378
0.02409720724619653
0.013973696497639748
-0.008204889263921433
-0.0033174468164138254
-0.005219941633999766
-0.004953546089329741
-0.0066081602275610725
-0.002732289803495184
-0.004175908726323903
0.013392933366348883
0.0028931587201848153
0.028113229599025312
0.010839529360629369
-0.00991294717502311
0.025652698651049206
-0.004124340288355354
0.015593669550213974
-0.003671468442036358
-0.018362226808206757
-0.01801841086068784
-0.022235498105588114
-0.01163021811879467
-0.013795348746191077
-0.009280011933814919
-0.014373366166572765
-0.01779087515443529
-0.012590849623139982
-0.015438705046865415
-0.016393206344469162
-0.027178430805950643
-0.020240397788929443
-0.015547926330001748
-0.014403170715633965
-0.018298343088445756
-0.007083533991857313
-0.013263601553137733
-0.010445218443426166
0.018384442060486558
0.024079568868135347
-0.001835917962948126
0.004745943671592349
0.0165165520052556
-0.009516220285076857
-0.008699419286184508
-0.0098296125919555
-0.01708987141236261
-0.014081651134770362
-0.010552759559059464
-0.015893695947991254
-0.012185848081410294
-0.014181499996846068
-0.012120684220747066
-0.011142848721073038
0.006773509804875383
0.014504624099218797
-0.016176422091060867
-0.028030524332265487
-0.018103252336139245
-0.015923166434984242
-0.01644922963461062
-0.019427333194573734
-0.020998241401183143
-0.03200440177895502
-0.020515476154628797
-0.01809430801886884
-0.016769181212319646
-0.01609012078500096
-0.022566569752376732
-0.021056112434021144
-0.014930541113909072
-0.015979394018329277
-0.014198101836945434
-0.01568149587715921
-0.01066200785391459
-0.014338493271450304
-0.010780009080671397
-0.007136498544387774
0.008746279318446563
0.025714435237431162
0.015606478270776212
-0.0097947161274499
-0.017428832767013146
-0.010908199366110791
-0.01346004011026522
-0.009113507099513814
-0.019901910416971445
-0.007761891494405615
0.007706536274083032
0.02005140695095873
0.00369608855948701
-0.025603051645379037
-0.017120437203316952
-0.01748151283104592
-0.017055668066655226
-0.021991677912920747
-0.012616478226287517
-0.012186377146270702
-0.02833526308588024
-0.007232910576097224
-0.016706719072798002
-0.014508699628052592
-0.016227265858565276
-0.018213550757446934
-0.017796162921398295
-0.015204019212174121
-0.015758595488374764
-0.012611403673732577
-0.003479670959232911
0.033962854184763885
0.007092274357759398
-0.004913780399288609
-0.0034511029964980396
-0.0017190349784935261
0.037091872797906614
0.023795865392561313
0.026964630498817917
0.002355990426660682
0.00292116667608897
0.013620330833326772
-6.18631726960429E-4
0.028064934088265128
0.03153107753286774
0.032848538060814746
0.004759968994766219
0.010073041340339503
0.01961635117851261
0.0031339028339123103
-7.048498783654242E-4
-0.005538564370852091
-0.008937393573826901
-0.0021497058299962714
-0.003573034822736052
-0.004218253382594905
0.029840637142947594
0.03405156102552537
0.026028241010772224
0.023685460080736548
0.051283047948584286
0.01670406766124905
0.004205834521189323
0.03382166047101051
0.022548717297146772
0.007975046444680457
0.0019420054392377387
0.00573088755425904
3.4455842120155716E-4
0.00589859684840111
0.001586016607444586
-0.0035026292838398667
-0.004168361059742689
0.003863319327540588
-0.004130555039597509
-0.007931435897569965
1.3427954782682487E-5
0.01650833656949486
0.020289312270296317
-0.0053726510873876535
-0.013087138948092488
-0.008829219526149484
-0.007751402495505462
-0.014052452694473833
-0.010700567849026652
-0.006932019777877392
-0.02217371226685028
-0.012877863605903626
-0.00961378048226916
-0.004329647342964706
-0.010499947709685695
0.01624402986782536
0.04605373857758894
0.04260970857130141
0.040646501776299145
0.029763247149206258
0.03647204300569394
0.022120010653180748
0.04123974414345483
0.02582977033436364
-0.007415172978356005
-0.008062271141927313
0.007638535677833562
0.009982303528404245
0.02069259090043448
0.02102552464291912
0.027598643611893268
-0.01024124135939268
-0.018866104826093164
-0.016268055148860885
-0.007428251063555165
-0.01330592904968184
-0.01700968721665492
-0.016658519708328927
-0.01856275472287597
-0.010747110445795086
-0.010771913626593164
-0.015148169693467665
-0.015984738069607915
-0.016686825336068366
-0.01778994854446936
-0.004483266840883151
0.03860877721004915
0.019764537931994734
-0.001153605762984418
-0.004236832398369559
-0.008551412740658116
-0.008696336901924355
0.02044014716993896
0.013042371998752467
0.0037106233795732198
-0.0024533922808570568
0.0058926185637170735
0.010281869936473325
0.03398962731730033
0.035207809186147354
0.0530117362783562
0.047724751603589216
0.05047622848851393
0.016446360483788686
0.0217797590741518
0.018462593316278697
0.005352890482064894
0.010837565743645167
0.013824841150825152
0.03518085076122017
0.047033920071825344
0.043771317282210925
0.032576361396073124
0.0264433294655388
0.04472553419930798
0.03790082685966957
0.04513463996704063
0.036886260129790266
0.02541816906126637
0.018242625146708137
0.020082717052458905
0.016586669702966128
-0.006359908160572395
-0.01059184670967641
-0.00940560456273307
NaN
-0.01280206735249274
-0.010240071133010183
-0.018834608954998364
0.01582424416918085
0.018239828973162883
-0.00110064161463646
6.543523190985353E-4
0.002182970874655079
0.01682698267114145
-0.017552625992789603
-0.023378147429404326
-0.00993571764316835
-0.014046883395942806
-0.015526820323819596
-1.5023906970309565E-4
0.025435454157396488
0.02107263920453147
0.02674641377938765
0.007994019426975982
-0.01501062287695536
-0.03592037052742336
-0.011283591364165148
-0.016249640540296137
-0.00805467402182316
-0.011803821080192015
-0.014448956602645596
-0.010084106951387171
-0.012969245598294508
-0.010572622905066425
-0.008074101109133593
-0.01354056886128786
-0.014176387909033233
-0.02082464089789609
-0.009611181292872436
-0.00283713122255674
0.016412866691224735
0.021772137195436192
0.011668575267475379
0.018372583610475668
0.03048838844375503
0.013024915864786652
-0.0034204484914840544
-0.006939534552993648
-0.012778157966380838
-0.013594852146026862
-0.01519336782783846
-0.010549198225358433
-0.015468601543745141
-0.0028922743155875737
-0.013163864447965905
-0.016731410941775136
-0.016236477294021664
0.001583101567381934
-0.0067682739876904815
-0.009397172721950514
-0.0057793305321809044
-0.01143310625966193
-0.015822823855231094
-0.00856873679914922
-0.010697429972904876
-0.006290017459128815
-0.002196949500606042
-0.007604136732548419
-0.007091135037281501
-0.008563488986597777
-0.005769928282869064
-0.0056226717588569244
-0.007406340292997186
-0.003988915207555677
-0.001861704889154308
-0.005439266878451088
0.0015343139015452766
-0.005282861930538247
0.009344128485243216
0.0035095702626754327
0.02417141150538416
0.025205156038763527
3.0402150338560037E-4
0.010420803750587303
0.03096464592415416
0.04807259359830564
0.011771154138199102
-0.012558515523192336
-0.013474010566347179
-0.010281582826451294
-0.005636691069973762
-0.011152610477346489
-0.014596884216324407
-0.013815272001903856
-0.017095228541618445
-0.010840746135055278
-0.012619350594604634
-0.012212862183143235
-0.010912979923592258
-0.006082101184439711
0.016916879724360127
0.03888193217803142
0.04329093405809338
0.05076297869299495
0.048670027926227086
0.041101924346717944
0.042910902039132406
0.045543350680772046
0.04173184672358522
0.0038437310580005427
-0.00185087868403532
-0.014188672256767329
-0.012182604896072858
-0.01015707874754748
-0.0023744849596036757
-0.0020899275904311017
0.029323472150839712
0.039452057836161854
0.019150117477735845
0.04176385023515571
0.014807340996128356
0.035050196497785346
0.02668558187318191
0.011481825003143268
0.020761849566595197
0.03800726154872879
0.04501395755595023
0.04230725260338048
0.032120379912511356
0.04491066568531498
0.0026417314248601653
-0.0024145660113917503
-8.758893936671184E-4
8.420567537332198E-4
-0.004380516381583247
-0.005990160173009528
0.028155012365698045
0.020651616487795555
-0.00856461890008429
0.009254227179344196
-0.014169520834391679
-0.019989352868587103
-0.011616241266955103
-0.015539281400623169
-0.013680519627624274
-0.014794808192448293
-0.013451050150008893
-0.019131320449548624
-0.018812833665429293
-0.013188989106886411
-0.011282815210721327
-0.005350414861585953
0.031146000525400844
0.013134555101505902
0.020784273855476196
0.03960410714391582
0.018525487478432724
0.0035588370427830345
0.008215342123496488
-9.618751096653836E-4
-0.006649401288418295
-0.005298452668771674
-0.0034961043205662713
-0.005798689792362335
-0.0030364347065812754
-0.003861384390064648
-0.007172880526909625
0.007445918751497905
0.030075180105576856
0.01960005424417271
0.008721572370297949
0.024222556920403055
0.039118807694426085
-0.0044012381904899225
-0.009857260483365627
-0.010600578590583516
-0.009429825128389935
-0.01252171160906811
-0.010711884200778628
-0.004671849829111681
0.026916242171845118
0.03211486543227972
-0.004232592073337534
0.034624448225630225
0.02659763348058823
-0.008981787879905296
-0.015552463934605808
-0.01580377301514273
-0.010686316426261395
-0.01124741787442144
-0.016850755940032245
-0.019978428663004498
-0.008731795479376973
-0.013614535288845622
-0.017398084926393845
-0.015979780971312828
-0.015520533999129824
-0.016164768229123844
-0.010125296721018837
0.010945959240462263
0.013096524255087613
0.007132519974452662
0.02729831892302516
-0.0027294615242274816
-0.006571339193835771
-0.01916903725192971
-0.012378957192957257
-0.02373815661713697
-0.010559391505754238
-0.008826067266604308
-0.014983294180199027
-0.006008234112100568
-0.010006635343884632
-0.01459734829460295
-0.0027300415837885894
-0.009667546159301496
-0.008137504443788359
-0.0013491732294649943
-0.010482651378810492
-9.931721216767941E-4
0.037950196646089694
0.0488557640154989
0.04902371794095243
0.0506870959200645
0.018217150078897144
0.007198848124567941
0.02989193134289897
0.03292938476682564
0.04134804344443376
0.04708155459826656
0.011356829534995588
0.024264224091788494
0.02716859363422351
0.002300734013813875
0.00690527084313669
0.027815515953626826
0.04743298402404071
0.04623793766962533
0.033982641429734894
0.03431918633052834
0.03525255710679156
2.108004608932781E-4
0.003953373994660105
-0.008176814312157872
0.028463789007592593
0.020924292347884517
-0.009255935001709929
-0.015037296865840672
0.0350727723923272
0.035771568509573644
-0.005996597817270693
-0.004364189718597849
-0.01755761989695608
-0.018799749482034382
-0.016120225334445782
-0.01873641607072051
-0.015243479793532265
-0.01665237557530499
-0.012757343033569703
-0.011300245889932434
-0.012842800696394041
-0.00313012787247351
-0.011016329855607559
-0.010588424215500072
-0.02036423045899411
-0.01831500312689817
-0.013619829906139743
0.01702522256273909
0.05047795510590262
0.054818799778637385
0.017562303903412024
0.009786760639923215
0.01866440984093883
0.03989933534928924
0.031575109432598066
0.031699262964242574
0.010702452753446386
0.005728038402866016
0.009038279093121427
0.04206420351637565
0.03179760470435529
0.005738055055250205
-0.012237702959603507
-0.012202903589197348
-0.009337256141153617
-0.0192900648410215
-0.015476887037654173
-0.015470012084573628
-0.01587883067094788
-0.010990331639433578
0.014297864181661011
-0.012192268405273526
-0.02087459677777061
-0.01606354279730141
-0.015369606307420364
-0.017641276557693326
-0.015545137150015615
-0.017556570810768415
-0.011401009297112723
-2.709766507306144E-4
0.0022516055154950883
-0.011752398036927438
-0.011897669694015456
-0.01030267272574932
-0.02106841671647503
-0.015893333919752502
-0.021355577919377453
-0.02963487439880614
-0.018901275015359178
-0.00984852999966286
-0.014951866793799885
-0.011929009271716303
-0.01178566612864003
0.0029135766383177604
-0.006731969483605384
-0.009776987364685435
-0.006970972844394345
-0.004909839751462655
9.197375981035228E-4
0.00402678901407178
0.03316531445767322
-0.0061088244906189176
-0.029167763243253063
-0.016389959547327648
-0.012113854675486025
-0.013218784745788494
-0.0332138496694832
-0.01432631601974672
-0.02103310078259445
-0.014379819882306782
-0.015338528192847124
-0.015203686948524552
-0.009592836402467348
0.013256760174111796
0.031822770204721115
0.020285863147182503
6.309911529786463E-5
-0.00934158422852191
-9.181500463431103E-4
-0.018647117055621342
-0.003437055839506757
-0.013638948218873799
-0.013750213813603755
-0.0173266893687787
0.002920381567691042
0.007932528039450054
-0.01026982740563984
-0.02363568437795103
0.014682317911594127
0.019735876564587577
0.03152604482561536
0.003586189736379944
0.008252597110037596
-7.235097473631043E-5
-0.010274182897141892
-0.01428168569745946
-0.005525874024258545
-0.008374697329685774
0.019646750218355907
0.04249308075262545
0.040921499971052204
0.014826855818452682
-0.008924223908930594
-0.012270588637113219
-0.019758695146903354
-0.01942435600390059
-0.00839155891952264
-0.007777769197997398
-0.008181979968975643
-0.015278765961659457
0.0029240669731303206
0.005677478649877859
0.017225804366443005
-0.011256663454322632
-0.012600088045734079
-0.015493379036202161
-0.01515026050317993
-0.013073468270108277
-0.014154547694120913
-0.015077715588484135
-0.016953636231151932
-0.018503531474948563
-0.005363861794180174
0.001768216775857443
0.0040075643558766545
0.008026956883488668
0.004781268629609248
0.011879606877821573
0.012254639510179337
0.030446476505419783
0.01929492371148457
0.02450707791406941
0.02288436917385152
0.006705548182341404
-0.0032613711624512893
0.014751810589922624
0.03567593974601864
0.05621025602893024
0.049212863925811305
0.04112250603289423
0.011349153677057222
0.01678678266006882
0.010537296753471821
-0.013007051200815533
-0.006891739182707204
-0.00942725258720104
-0.013023311745995119
-0.015438253230417597
-0.012450691346768322
-0.012157026287296896
-0.015290201631044342
-0.013718638020548183
-0.01550756266015715
-0.013690292646593934
-0.016070795888559544
-0.01660360584014163
-0.013048042085487453
-0.013099841996052856
-0.01263056630598644
-0.015315858680192723
-0.009358844906064945
0.023606096521869062
-0.005237473112372687
0.03594243112419877
0.04649989853980237
0.04499347964511956
0.04832730645392522
0.03744341099679758
0.03862501805983882
-0.005729583295222248
-0.010645530592005459
-0.026169492312502242
-0.012440236370137893
-0.010612480774916392
-0.00902452432368468
-0.011338898810524758
-0.014636912438669589
-0.010309154971481879
-0.013184040359867723
-0.016519697664071496
-0.012600003519670167
-0.007443776208449195
-0.006593498241035259
-0.0010250665264443055
0.013390057348444376
0.047549374992512536
0.04608446985521347
0.039667910130455376
0.053843989719798195
0.024570273077112757
0.005913978199045487
0.029791929921493075
0.04736140904164309
0.01604488846484608
0.00995511703307201
0.014664079065599887
0.020820171298129173
0.019429638760345445
0.01853590344613113
-0.006688795112891617
0.007641206686504644
6.231838874727422E-4
-0.005760555114983426
0.001604090137449581
-0.003313884157432473
3.267565404494509E-4
-0.009629780975999503
0.014532569307650423
0.03082216379234065
0.04651897280421764
0.05319242754202903
-0.06447630911320987
0.024227987171879743
0.053047097907669705
0.025458232161481666
-0.005929593630469616
-0.00993675680383868
-0.007826334247131831
-6.657403337590557E-4
0.03215545475468458
0.03357705798510077
0.03012857572425621
0.05589846622245969
0.050847601455438755
0.040454330487835685
0.004356649004735721
-0.025105540592950625
NaN
0.0028231758732237214
-0.0014032145160702142
-0.0016099539930282177
0.030574476764306076
0.03894590262495554
0.03935647005306242
0.032370048322624356
0.04755947777561953
0.021605868041062636
0.030930718407933606
0.049156446387292975
0.04815263320122543
0.042210540177666026
0.029797346377433545
0.040817338526606295
0.021529550777147403
0.01432289893213172
0.0019509508089551987
-5.127374466030957E-4
-0.004540510467374172
8.695222208169803E-4
-0.002771257679390307
-0.002165282687374083
-6.028593821621993E-4
0.005164002763127837
0.026878095934629975
0.04394791703314595
0.02603367125285177
-0.0015614497068793497
-0.007490892586484556
-0.002981561083503054
0.016902965437780748
-0.004847989312854534
-0.003997545062295911
-0.0069151615844034
-5.44572188141532E-4
-0.007026729969145426
-0.0027746215127504026
-0.0032452599900267484
-0.006293257701912006
-0.002323051974197885
-0.012204721884734544
-0.0015102246843538784
8.432591635775845E-4
0.0031863412115256274
0.004617165697729298
0.004619806731966551
-0.013774371116479348
-0.01982479090646596
-0.009968499437520047
-0.014000018081942858
-0.017532963800559704
-0.014830324067263981
-0.009874159131204426
-0.014458152419017045
-0.021558332592196677
-0.009854201303718309
-0.009134794951780574
-0.016192943594595208
-0.017413497773169057
-0.01932596580842998
-0.013397760069430158
-0.015027241388539999
-0.017919967719389345
-0.01476961716265213
-0.013288519301628433
-0.015466505558743054
-0.013663072573779782
-0.011187316092832258
-0.0037513440029411354
0.01524793067801757
0.00908770212501617
-0.0014813869255308823
-0.0032648134972701123
-0.010375708190820024
-0.011157299407940142
-0.009467481783057029
-0.01581527311926557
-0.010787059463872227
-0.011223971721503107
-0.017638475996399474
0.0038750858087017717
0.016828996352203446
0.04387195681164065
0.05044429481554781
0.040176850143660445
0.013406947512235387
0.026831255488134545
0.048132539404177534
0.04955950137164367
0.021448402772729226
0.009854297277750588
0.0124094429021745
0.021912895641380062
-0.007121744497310633
0.023232609259318825
0.019956017261909445
0.015557765097975271
0.01736148503798104
0.016170799864226683
0.03312774328563404
0.015912947405918733
0.0013249070431842853
-0.005550189324247445
-0.008623941528314711
-0.006294152258819038
-0.008971834147131173
-0.010494525109180673
-0.01185899186645942
-0.02641405332713881
-0.01635764271435175
-0.017367557641433065
-0.013687933156925163
-4.649176468988093E-5
0.018499762885720868
0.010744458693162637
-0.005506831468354267
-0.0221416522601921
-0.011918615856807858
-0.014439833536873111
-0.019247276660850684
-0.019845265404657135
-0.01601813717049292
-0.01408394067570487
-0.016323414272105697
-0.029135767558476244
-0.01859744428303403
-0.011063812264521338
-0.016362691306077294
-0.013074297062282855
-0.012469212535303698
-0.0075949091302344035
0.024097138331309748
0.02714388397090612
-6.516398201926446E-4
0.005409917620055389
-0.004208400959758898
0.006645642090576361
-0.004568253620779844
8.114948387835039E-4
0.015754739751793805
-0.0022124602712457146
-0.06354002078245342
0.00751421721677036
0.03420166819562936
0.009285365578571358
0.00310273456823889
-0.009181130042476218
-0.0047802978394327275
-0.008289411533342946
0.024093766978440245
0.016524637512322887
0.007899205447248628
0.044137717777061714
0.01710646756648447
0.009117237243408006
0.007226523646121483
0.013106805719369055
0.030532023248498952
-0.004691857938337058
-0.003687329588889893
0.008269540466544564
0.03621919526796546
0.013410246023063737
0.007959086973277758
0.018812002496742537
0.017186844125662175
-0.01324895190771961
-0.014537602430660827
-0.012768481609310114
-0.015038231611702212
-0.02108599044229378
-0.017309817378233526
-0.0172662718661399
-0.01486676318871238
-0.019120263495014833
-0.013900807055786293
-0.015343311086956322
-0.013106811079194272
-0.018211825407306093
-0.014916482099246706
-0.006206021633420681
0.00800902093470485
0.010538900969201874
0.01059196623290217
0.05161955450417957
0.046544780709261706
0.0162615146622997
0.013387702904224724
0.021783532343409236
0.04766766499264705
0.029042002072134834
0.025805350962421886
0.007583987962826997
0.01559587564498685
0.029052098694573685
0.05665501646763504
0.059540335696926974
0.04585705173974317
0.026709820700746508
0.025461843528793066
0.03853574068980627
0.02157188317905787
0.00728476517613412
0.02501147224779587
0.027047917750122105
0.028896465807556556
0.048186209365422894
0.024455026095400137
-0.0011359235667215174
-0.00580265201953176
-0.0026079924191384583
-0.006237019003791106
0.0026532114449757697
-0.0030840040833821705
-0.009275201765049174
-0.010466673071188863
-0.003156745190116059
-0.008862247296929093
-0.012425416957808254
-0.008039819789395764
-0.012594584904862326
-0.012750683937571939
-4.507904345198415E-5
-0.008816136213533152
-0.006172536955678017
-0.007026228942967731
-0.013271069848366145
-0.018872947783553095
-0.08208849049704718
-0.036048486404994765
-0.021649633215019736
-0.02849830193694646
-0.01937245230908766
-0.01323423442007194
-0.031222017554774717
-0.009965493453433795
-0.02057868873726333
-0.018946092211547038
-0.017188569927939785
-0.010865360336071807
-0.01584332178776896
-0.022510367417980622
-0.010839683230291774
0.011231204470792603
0.007047979283391265
0.01722845312167688
0.03468879384018281
0.023559645092652192
0.01117290078925781
0.006273637251352786
-0.00894694254426146
-0.027277990675595602
-0.015799116358892258
-0.02875915225437195
-0.02083423384390843
-0.024198805559889597
-0.0171719715493916
-0.01986995697387969
-0.022200618950658398
-0.027722053390562343
-0.022721243426394547
-0.021122193207957895
-0.01849330974169459
-0.029769339848260995
-0.0218643563497563
-0.030893726021328963
-0.02262844261202743
-0.030303829699862117
-0.016459072864358337
-0.017603870869509666
-0.017330274047077494
-0.017549894507182487
-0.018516936009481687
-0.018790253490348297
-0.021614347333493614
-0.01911109037404625
-0.021568472125399744
-0.017876542885762386
-0.02533138871610964
-0.024042272512788596
-0.02097943662360645
0.009275762248685704
-0.004748723440674785
-0.012868078110183236
-0.015572871020737677
-0.019990687500620583
-0.005738407592808675
-0.0293088735392954
-0.011521346974114055
-0.020940854992002492
-0.013036364333321528
-0.01412637910454086
-0.01925845423923981
-0.009713280883464364
-0.015865982765102267
0.019984423888149846
0.02367223222984016
0.013229326778483458
0.02611066739906072
0.021010753419647192
0.0029785016074427326
-0.0010146774306733705
0.028344793126503443
0.011943999250936765
0.013174360440864903
-0.0122269785037902
0.032001479260017784
0.01249794693662298
-0.008406104755153743
-0.003979074990482249
-0.010008865358222312
-0.007400351957967611
-0.005203022990531813
-0.01178930378464834
-0.0021206752570333085
0.006582976571095596
0.004003989960074282
-0.027857098141100475
-0.0010942737875159541
-0.0218616769866943
-0.013706233286770522
-0.011435631759426905
-0.015966405914464514
-0.004105603896357245
0.007052584954621195
0.004263379277841312
0.010370941412089111
0.0016541777781071084
0.01946474238203313
0.014447080772197455
0.004941671270892638
0.013692240759431169
0.0021203718393208756
-0.0031270710242523626
-2.3362764193340328E-4
-0.005922676261406079
-6.426083074237516E-4
2.307709167406486E-4
-0.006768722462841062
-0.008658316843052098
-0.01811021454830119
-0.017247466104335252
-0.018888572830592847
-0.017721242861557775
-0.022104301236081578
-0.01208085033846703
-0.015091022158926493
-0.016757964542262763
-0.016629200608543622
-0.01940313136967174
-0.01697950484974128
-0.022899522335067334
-0.004693948251377214
-1.9439569896021E-4
0.012282632033496145
0.029783184068916425
0.039702815029191395
0.04072156677479437
0.02311168270639115
-0.0067608786175719065
-0.014021960513575547
-0.002925489596279328
-0.010891621616766049
-0.008863775364614685
-0.01074956028013151
-0.016516679760507056
-0.011087839733828864
-0.007626500245823857
0.03321497037777292
0.030215165622326703
0.03279373184876612
0.01790934984822934
0.018241070418579773
0.01040854054282558
0.011380691801803882
-0.00355162623687595
-0.012010184855848156
-0.006506838890859118
-0.0037880379953362034
-0.010709963799783496
0.011590622285174549
0.03752288002532311
0.027887583643726087
-0.0067392872947574095
-0.003211122135843743
-0.0034273560972743426
-0.0012855683691197963
-0.011511535474055284
-0.009901444962700524
-0.0036216017935011523
-0.0068919151477330725
-0.010122104908545754
-0.0025131638426388048
0.024705006599635728
0.04586297329661203
0.05312281063698043
0.04846663745893538
0.0461814493758316
0.03184400906901917
0.03645259063598613
0.04089910988781936
0.028848375270599518
0.03439129772100001
0.019052243551312513
0.027686332941713913
0.03321284482114781
0.04127698549218928
0.036536080732856115
0.03748614686193909
0.05323268785410959
0.04910600355612295
0.05084225207396445
0.03786460897522118
0.03959930186819222
0.025915253987068256
0.01758614396077216
0.0368158504129718
0.03517687337151129
0.007934562449649069
5.207382325285751E-4
0.0015494733208611163
0.030193936559633427
0.03577062147016886
0.03795070688834589
-4.237294360035313E-4
-0.08201622660466781
NaN
-0.0678398994101718
-0.051555035324163605
-0.003045832069967039
0.018514518650469075
0.026460954153018537
0.013665354105952272
1.566834449755819E-4
-0.004528643937437956
-0.00423862055008261
-0.006834013516781404
-0.0035087448940029457
-0.009409954672897512
-0.01217798958240417
-0.010281666334185348
-0.008515752330383815
-0.011359342486534325
-0.00677513212563814
-0.011011772859214702
-0.01423200003083809
-0.029305692369952625
-0.007260049283239643
-0.009511721743373525
0.004126305442863911
0.02671232952664421
0.023024741399960684
0.041812607313118755
0.041987822764845105
0.03872597312267315
0.04357413064161132
0.03051974103169923
0.023228819593645332
0.03652897135720375
0.028989560487898774
0.03417086847099006
0.049528091960784774
0.04483335886557645
0.03810484406305068
0.020117563860897462
0.02973204976466253
0.036247755206945974
0.04408199672685789
0.036357236853909
0.0023218884898035096
-0.007519105253902144
-0.0035980610019862077
-0.013034485692570898
-0.008980613447228005
-0.005164990864218287
-0.005614588442825395
-0.012466740371916602
0.0024406335628826196
0.02000741725871481
0.008041471630357568
0.014340359746000982
-0.0038831281235813496
0.041571739709102294
0.03546454497861068
0.039174341836977995
0.02824577786235832
0.035157650832476676
0.019157711321077128
0.02568759617577721
0.030479323359868003
0.018917751541365255
0.019362709254754605
-0.004387818971571528
-0.010416768195220093
-0.0036968835994980534
-0.008017558388055662
-0.004504843449766975
-0.0020311958712381827
-0.008448908876436722
-0.009228564834594003
-0.0029914778589207203
0.0036700191692255035
0.036091571830383376
0.04087447020567465
0.013909679745814285
0.012409665058161353
0.010284908948274375
-0.002616614755990338
-0.009812020617958807
-0.010834579241094353
-0.009434114765513776
0.013647715842661797
0.00606831242357457
2.3492832312844037E-4
-2.220494206567709E-4
-8.163919138129434E-4
0.002739219715061374
0.007442790123830822
0.02350762367872891
0.021146951365961675
-3.219624852663786E-4
-0.015343142901656507
-0.02398988286922047
-0.016568178233093082
-0.016675363090388678
-0.014154995067237046
-0.01422988110878413
-0.013676876793919417
-0.015493823396514124
-0.0244829333052425
0.0267241273809937
0.006630074541531894
-0.0016616748428620494
-0.0013254624081205715
-0.007920671953744633
9.262080152711797E-5
0.02892183320991553
0.03897297294270354
0.033230421637458936
0.017640474214964667
-0.0033210432111102153
0.004004641501087753
0.004382594619613155
-0.010256066326285125
-0.008652714418927227
-0.012167441573836972
-0.006734601183840994
0.0021504650371930332
-0.007700114822494523
-0.010078502893064018
-0.013815512910610915
-0.008777309900835214
0.004010075948797973
-0.0013893164023625207
-0.014309270281346657
-0.011856681544689683
-0.008703813369409938
-0.0160765151327818
-0.012304020513334013
-0.005803020230522621
-0.00638502081858666
-0.015956670749067394
-0.007254751055203391
-0.012158536389210172
-0.012166634403100375
0.002108396278707748
-0.015956222945031334
-0.022405824039476805
-0.005290920422616165
0.006065529912299105
-0.0058668683424843646
-0.0065477036743950365
-2.990019812355825E-4
-0.0034201607723741874
-0.0034656164183523627
-0.0078238517421104
-0.0032686194646309643
-0.005916285031980615
-0.00892924238398295
-0.004003968193249125
0.005620464870453647
0.009167068870713994
-0.007578037446684928
0.019459722380296182
7.723468098635106E-4
0.007179375101828726
0.0252535532149847
0.04118085734950539
0.0450045317958536
0.02749787431649809
0.011019248303902152
-0.0026881919876798784
0.0013744241488648657
0.03095413002120813
0.024206831203121632
-0.0028232481622089706
-0.0022087549603175827
0.008193076709834149
0.010059535772899402
-0.01276439386448406
-0.007069997525514141
-0.008692153345584827
-0.0066780415534251
-0.00865024301114339
-0.008589955377086723
0.018604977507379782
3.4033037684593186E-4
0.011516358586718078
0.03557543967723715
0.031026078330118202
0.02440420761606107
0.008417719815532925
-0.040270297729129906
NaN
0.016390284760225526
-0.006801421640369532
-0.010136280649868629
-0.01103968231450185
-0.014200547317867653
-0.020434714568923776
-0.021424663889099808
-0.021363137471611313
-0.015343803582759084
-0.01442091414783003
-0.01348173832398902
-0.01285140757483422
-0.014803843545765166
-0.013502875178306104
-0.012887054897517482
-0.012824118277708105
-0.002306630926710368
0.014928685563698656
0.038579778214580335
0.030864615266840673
-4.977489457517964E-4
-0.005552716545515564
0.01634168434649847
-0.009390207455262985
-0.010637601307984409
-0.014662266751422601
-0.00923082023740139
-0.012408451385362756
-0.01745656221321627
-0.015208786335111465
-0.007091399580637304
-0.014763160104575273
-0.01854314831558415
-0.0045223671126548275
-0.002479998938245246
-0.005795302509905934
-0.007507609902752252
7.32996694038133E-4
-0.0047191333594973715
-0.012065796971979365
-0.012128152016574849
-0.015813276088754408
-0.02360631012361083
-0.013876194083137536
-0.017326236492590227
-0.010056954832026167
0.016127286643508223
0.024110809902166706
0.01621704986476015
0.0015954469952341945
-0.011028465071248258
-0.01608007249953814
-0.026995688946865826
-0.014902851111560356
-0.019204573207476146
-0.011805774814714218
-0.0223616580423403
-0.00796570216225235
0.0026855066343270226
0.024893932828489194
0.005856824824834617
0.003340067204199721
-0.0011314810781707678
-0.005262249758444849
-8.790636172580496E-4
-0.006145702191499812
-0.006104394938330506
-0.015049231942470424
-0.014485465576490355
-0.013344434038649933
-0.015587546091066332
-0.004696314594715825
0.0050105164378945
0.012324635060799227
0.025173502199180228
0.007730487267682957
-0.01210435195572698
-0.009867203333943706
-0.011090134164305144
-0.014329084125581433
-0.013830559857342169
-0.014944644998315729
-0.012993656996521882
-0.012912368213867913
-0.012728786585834113
-0.014537175541553992
-0.01612154267893565
0.014126931778412443
0.01925517596633832
-0.0011029400079567864
-0.004719975883128308
-0.007266876112337955
0.008873707975320876
0.01893487142776239
0.0356558329359543
0.033322058124950774
0.025203977111381153
0.026333763285938786
0.02723132442102713
-0.0037769543955787684
-0.005948741396135696
-0.001649226725119816
-0.005704643395680756
-0.007480836308154104
-0.006614263075262739
-0.058343421908968365
-0.005400530480858116
-0.006075962491353122
-0.012163822562502289
-0.00829090210642363
-0.006258337364431363
-0.01850401084080813
-0.008423907598892244
-0.020567105576014266
-0.010432806102353347
-0.027317114676019008
-0.005578075853580829
-0.012320616736128304
-0.013062409855771562
-0.014148014034709645
-0.01320307788746903
-0.011470461661263552
-0.00849237523644668
9.690160674577647E-4
0.0062205507079029975
0.0012353611517221313
0.006073872933545723
0.015154791210677426
0.02714380807625753
0.028841943248647785
0.008394517744611085
-0.00333260833084428
-0.0060927464577195806
0.00279745056742728
0.01721936506191986
0.03000219602793758
0.03843383585777794
0.011651705950515612
0.0024966971789685214
0.004604668520846055
-3.013075736224991E-4
0.0010934607743883495
-0.0015021264019883795
0.00267746282373872
-9.888424896350567E-5
-0.013217330845790676
-0.00931344451325839
-0.0011745168816833613
-0.012043439684832308
-0.011505141216274606
-0.013987706727468689
-0.009173909367053515
-0.008224418766782962
-0.03127790445457551
-0.009591007436515227
-0.004758872976576449
0.01057239412066727
0.03558520581579199
0.03640261962010591
0.011065024287067333
0.026914665111258528
0.03340535317439386
0.018362237093917898
-5.277477059119134E-4
0.0022608856906466087
0.019188174517324345
0.029438766853879517
0.011355865435172398
0.011192997881779285
0.02055062535037743
0.031142795065127574
0.043630480179341825
0.037900817627678655
0.03758781519583983
0.03896805248611127
0.03410305613381685
0.033607612828110395
0.034612291016665936
0.041554566247037614
0.02665462482442085
0.02421564328479042
0.0018483670239261992
0.02821746094091637
0.03227033030789239
0.02286029612730411
0.01529951015850924
-0.004575004553777167
-0.007122826164869776
-0.006559661665263261
-0.020015424583963073
-0.0018844711433606979
0.004980413903467305
0.024641262967087862
0.026793383003426537
0.030865974102777433
0.05077403633264824
0.01239717326543675
0.010231749430102003
0.021290561907475056
0.024311969450807637
-5.360517970371716E-6
-0.08209248903232524
-0.01680412122421987
-0.05906836897089382
NaN
-0.016444870305823
-0.017593853028828377
-0.01232513921821457
-0.01069479311038235
-0.017926097148951717
-0.01798885518532731
-0.003522710050225185
-0.019959046728584392
-0.017873350884430053
-0.014633984919941962
-0.013717013310562829
-0.013678413536201434
-0.01561787067351363
-0.008753914427555581
-0.006533128428788726
-0.011893620297345732
-0.008334317075613067
-0.008595875488514967
-0.01079002677531907
-0.0037802513722123097
0.013301229791930165
0.011750414069943187
-0.025993704424177817
-0.04104124975782289
-0.07889327883670307
0.01816290177110138
0.007181409191196208
0.014658142291427376
-0.009708017745278208
-0.017138271094899384
-0.01716608871799015
-0.048196400062297765
NaN
-0.02198625599655127
-0.016765013472640117
-0.02175964523607598
-0.011208558526079944
-0.022628219191800008
-0.014631918874478962
-0.008146165518764462
-0.012879448636562894
0.010154053916498732
0.03008882056850055
0.030955490794718144
0.02651922436591088
0.005973393619621438
-0.006586472252708142
-0.009694695482382238
0.003799159601098608
0.028130924773575296
0.013032402742725513
0.010469165537290596
-0.003914554065947803
0.023270481950256147
0.01642974407913453
-0.014775224322488525
-0.011689743364651593
-0.014805317113219918
-0.01259001631562533
-0.015373785692268698
-0.011376052993498725
-0.012189053934482864
-0.01726283840789582
-0.013965104039254887
-0.0163930597359464
-0.009112988851224193
-0.009379932583578962
-4.622384962891992E-5
0.01943449578958621
0.004832777033056883
-0.004080813064990795
-0.01185097568724355
-0.020846075197705254
-0.02386130177206554
-0.010807647736530996
-0.008521124278986684
-0.01681578443782526
-0.010973822401429592
-0.009349266541808917
-0.013473298062275933
-0.01055817350964433
-0.009622987426612148
-0.012902723860577288
-0.021208510906453606
-0.01530932853923616
-0.014306672506533072
-0.02297893032515908
-0.011800916333354273
-0.014899148511051008
-0.019815688830371266
-0.018644908753722548
-0.01498929707264049
-0.017001361433489525
-0.013021690367713362
-0.009960945768877441
-0.009330680832710537
-0.018706941239922528
-0.021286748606492947
-0.028235098403932013
-0.014878285988564197
-0.013654109248137019
-0.011915490371962406
-0.009351060086732085
-0.00985634694949053
0.0011822297391831244
0.027373423923672282
0.03135789006948607
0.025234724256751447
0.009264732286916186
0.012946354190279091
0.005112652237632614
-0.0010331241702149123
0.006027702821566392
0.018158715021349636
-0.004197046035346527
-0.00926940575438742
-0.017006675246768663
-0.022355839783924417
-0.02373134208313701
-0.008461089735805912
-0.007660280390257521
-0.012073031808752795
-0.0036343686621930354
-0.0046000453233606894
-0.0018793934766603787
0.003230400819539591
-0.004619703305424414
-0.003437592267139704
-0.001657219130105617
0.0028023422034105234
0.01333829928160271
0.024816660835310964
0.02359060232338993
0.019109403636015217
0.04074388703754173
0.022343511593684327
0.03749595572350128
0.03159319583608603
0.03340417797759879
0.032694547802574345
0.03892820689275278
0.0025335576293463863
-0.01103103226582515
-0.009047866685237585
-0.010799384594027003
-0.015177784391879515
-0.01230289769349439
-0.00958465227133949
-0.019018813103074444
-0.012243007120060715
-0.012277787230840023
-0.012685571379496573
-0.012256919938889301
-0.009949819160836317
-0.0037207161582942395
-0.011231906796123764
-0.023791647720504294
-0.004403511683750869
-0.004222021613282416
-0.00588441726001469
-0.004410199450429373
0.005884996402088298
0.020595910609870156
NaN
0.006922320249913877
-0.003170146404963884
-0.0246806770396853
-0.03324752809154881
-0.023586910391508703
-0.022382754725071344
-0.08044011013313372
-0.005677966489534267
-0.06904896669372802
-0.0674462948018766
-0.08070682272510453
-0.030426219345341884
-0.061709148883110146
-0.04517151617721952
-0.010906904036361811
-0.02113363369953927
-0.01924906784400082
-0.01628724931379736
-0.05661272076859378
-0.04394829915889177
NaN
NaN
NaN
NaN
NaN
NaN
-0.08207421951941021
-0.07758584504961018
-0.035118646618344095
-0.03425469311206897
-0.04104535722954851
-0.014380801190533019
-0.01932929428149483
-0.012194521326269445
-0.012215652986783607
0.012613505301331604
0.03791051242949036
0.03981235280456762
0.02347415392143422
0.028368840722174472
0.03617693476551535
0.028045361204536764
0.01491630116835207
0.001445229664117263
0.02768174069466871
0.02199602614777262
-0.006169149610396673
-0.008589379584716745
-0.00480408181934985
-0.01232446782800192
-0.007104732340874829
-0.02178484838904792
-0.01737687871398981
-0.018435356772226043
-0.009765360680934114
-0.009704209080836775
-0.014074568675914053
-0.013649828302751917
-0.011994125059030407
-0.027725616499883907
-0.012629290032547875
-0.005739823076273553
-0.0030242835616919733
-0.004635519782896195
-0.0074431578063850114
-0.00990500712587832
-0.0029580197039324792
-0.01077494504582881
-0.005760015797471808
-0.003310498323990359
-0.0065953095957291385
-0.001941489043331755
-0.010164793234336146
8.664997705650464E-4
3.4860070890441967E-4
0.0010374689789618202
0.0035165750116203766
0.005927558722687988
0.02405763957812396
0.007508471774218772
-4.735120849117874E-4
0.009118073207063678
-0.0032289183478425663
-0.005225436447045149
-0.007456310332638331
-0.010605291763802524
-0.017302603956522125
-0.009182665263788505
-0.011054381604330869
-0.008964057935515411
-0.011924239138582354
-0.009668174833043112
0.017707056410691223
-0.021423317903869258
